0.000476,10
0.010476,10
0.011480,6
0.012480,3
0.013476,1
0.014480,2
0.015484,5
0.016476,9
0.017476,12
0.018480,14
0.019480,13
0.020480,10
0.021480,6
0.022480,3
0.023480,1
0.024480,2
0.025480,5
0.026484,9
0.027484,12
0.028484,14
0.029480,13
0.030480,10
0.031480,6
0.032480,3
0.033480,1
0.034484,2
0.035480,5
0.036484,9
0.037484,12
0.038484,14
0.039480,13
0.040480,10
0.041480,6
0.042480,3
0.043484,1
0.044480,2
0.045484,5
0.046484,9
0.047484,12
0.048488,14
0.049484,13
0.050484,10
0.054484,2
0.055484,5
0.056484,9
0.057484,12
0.058492,14
0.059484,13
0.060488,10
0.061484,6
0.062488,3
0.063488,1
0.064488,2
0.065484,5
0.066488,9
0.067488,12
0.068488,14
0.069484,13
0.070488,10
0.071488,6
0.072488,3
0.073488,1
0.074484,2
0.075488,5
0.076488,9
0.077488,12
0.078488,14
0.079484,13
0.080484,10
0.081488,6
0.082492,3
0.083492,1
0.084488,2
0.085488,5
0.086488,9
0.087488,12
0.088488,14
0.089492,13
0.090492,10
0.091488,6
0.092492,3
0.093488,1
0.094492,2
0.098492,14
0.099492,13
0.100492,10
0.101500,6
0.102492,3
0.103492,1
0.104496,2
0.105492,5
0.106492,9
0.107492,12
0.108492,14
0.109496,13
0.110492,10
0.111492,6
0.112496,3
0.113492,1
0.114496,2
0.115492,5
0.116492,9
0.117492,12
0.118496,14
0.119496,13
0.120496,10
0.121496,6
0.122496,3
0.123492,1
0.124492,2
0.125492,5
0.126492,9
0.127492,12
0.128496,14
0.129500,13
0.130496,10
0.131496,6
0.132496,3
0.133496,1
0.134500,2
0.135500,5
0.136496,9
0.137500,12
0.138496,14
0.142500,3
0.143500,1
0.144504,2
0.145500,5
0.146496,9
0.147500,12
0.148500,14
0.149496,13
0.150496,10
0.151500,6
0.152500,3
0.153500,1
0.154500,2
0.155500,5
0.156496,9
0.157500,12
0.158500,14
0.159500,13
0.160504,10
0.161500,6
0.162500,3
0.163500,1
0.164504,2
0.165500,5
0.166504,9
0.167500,12
0.168500,14
0.169504,13
0.170500,10
0.171500,6
0.172504,3
0.173500,1
0.174500,2
0.175504,5
0.176504,9
0.177504,12
0.178504,14
0.179504,13
0.180504,10
0.181504,6
0.182504,3
0.183500,1
0.187512,12
0.188508,14
0.189508,13
0.190504,10
0.191504,6
0.192504,3
0.193508,1
0.194504,2
0.195504,5
0.196504,9
0.197504,12
0.198508,14
0.199508,13
0.200508,10
0.201508,6
0.202504,3
0.203504,1
0.204504,2
0.205504,5
0.206508,9
0.207504,12
0.208508,14
0.209508,13
0.210504,10
0.211508,6
0.212508,3
0.213508,1
0.214508,2
0.215512,5
0.216508,9
0.217512,12
0.218508,14
0.219508,13
0.220512,10
0.221512,6
0.222512,3
0.223512,1
0.224512,2
0.225508,5
0.226512,9
0.227508,12
0.231508,6
0.232512,3
0.233512,1
0.234508,2
0.235508,5
0.236508,9
0.237508,12
0.238512,14
0.239512,13
0.240512,10
0.241512,6
0.242512,3
0.243512,1
0.244516,2
0.245512,5
0.246512,9
0.247516,12
0.248512,14
0.249512,13
0.250512,10
0.251512,6
0.252512,3
0.253512,1
0.254512,2
0.255516,5
0.256516,9
0.257516,12
0.258516,14
0.259516,13
0.260512,10
0.261512,6
0.262516,3
0.263512,1
0.264516,2
0.265516,5
0.266516,9
0.267516,12
0.268516,14
0.269516,13
0.270516,10
0.271516,6
0.275516,5
0.276520,9
0.277516,12
0.278520,14
0.279520,13
0.280520,10
0.281516,6
0.282516,3
0.283516,1
0.284516,2
0.285516,5
0.286516,9
0.287520,12
0.288520,14
0.289520,13
0.290516,10
0.291516,6
0.292520,3
0.293520,1
0.294516,2
0.295520,5
0.296520,9
0.297520,12
0.298520,14
0.299520,13
0.300524,10
0.301524,6
0.302524,3
0.303524,1
0.304520,2
0.305524,5
0.306520,9
0.307520,12
0.308524,14
0.309520,13
0.310524,10
0.311524,6
0.312524,3
0.313520,1
0.314524,2
0.315528,5
0.316528,9
0.320524,10
0.321524,6
0.322524,3
0.323524,1
0.324524,2
0.325524,5
0.326524,9
0.327528,12
0.328524,14
0.329524,13
0.330524,10
0.331528,6
0.332524,3
0.333528,1
0.334528,2
0.335528,5
0.336528,9
0.337524,12
0.338524,14
0.339524,13
0.340524,10
0.341528,6
0.342528,3
0.343528,1
0.344528,2
0.345528,5
0.346528,9
0.347524,12
0.348524,14
0.349528,13
0.350524,10
0.351528,6
0.352528,3
0.353528,1
0.354528,2
0.355532,5
0.356528,9
0.357528,12
0.358536,14
0.359532,13
0.360528,10
0.364528,2
0.365528,5
0.366532,9
0.367532,12
0.368528,14
0.369528,13
0.370532,10
0.371532,6
0.372528,3
0.373532,1
0.374528,2
0.375532,5
0.376532,9
0.377532,12
0.378536,14
0.379532,13
0.380532,10
0.381528,6
0.382532,3
0.383532,1
0.384536,2
0.385532,5
0.386532,9
0.387536,12
0.388532,14
0.389532,13
0.390536,10
0.391532,6
0.392536,3
0.393532,1
0.394532,2
0.395532,5
0.396536,9
0.397532,12
0.398536,14
0.399536,13
0.400536,10
0.401540,6
0.402532,3
0.403532,1
0.404536,2
0.408536,14
0.409540,13
0.410540,10
0.411540,6
0.412540,3
0.413540,1
0.414536,2
0.415536,5
0.416540,9
0.417536,12
0.418540,14
0.419536,13
0.420540,10
0.421540,6
0.422536,3
0.423540,1
0.424536,2
0.425536,5
0.426536,9
0.427536,12
0.428540,14
0.429540,13
0.430540,10
0.431540,6
0.432540,3
0.433540,1
0.434540,2
0.435540,5
0.436544,9
0.437540,12
0.438540,14
0.439544,13
0.440540,10
0.441544,6
0.442540,3
0.443540,1
0.444548,2
0.445548,5
0.446540,9
0.447540,12
0.448540,14
0.453540,1
0.454544,2
0.455540,5
0.456544,9
0.457540,12
0.458540,14
0.459544,13
0.460544,10
0.461544,6
0.462540,3
0.463544,1
0.464544,2
0.465548,5
0.466544,9
0.467544,12
0.468548,14
0.469548,13
0.470544,10
0.471544,6
0.472544,3
0.473544,1
0.474548,2
0.475544,5
0.476548,9
0.477548,12
0.478548,14
0.479544,13
0.480544,10
0.481544,6
0.482548,3
0.483544,1
0.484548,2
0.485544,5
0.486548,9
0.487556,12
0.488548,14
0.489548,13
0.490548,10
0.491548,6
0.492544,3
0.493548,1
0.494548,2
0.498548,14
0.499552,13
0.500552,10
0.501552,6
0.502552,3
0.503552,1
0.504548,2
0.505552,5
0.506548,9
0.507552,12
0.508548,14
0.509552,13
0.510552,10
0.511552,6
0.512552,3
0.513552,1
0.514552,2
0.515552,5
0.516552,9
0.517556,12
0.518552,14
0.519552,13
0.520552,10
0.521552,6
0.522552,3
0.523556,1
0.524556,2
0.525556,5
0.526556,9
0.527552,12
0.528552,14
0.529552,13
0.530560,10
0.531556,6
0.532556,3
0.533556,1
0.534556,2
0.535556,5
0.536556,9
0.537556,12
0.538556,14
0.542552,3
0.543556,1
0.544560,2
0.545556,5
0.546560,9
0.547556,12
0.548556,14
0.549556,13
0.550556,10
0.551556,6
0.552556,3
0.553556,1
0.554560,2
0.555560,5
0.556560,9
0.557560,12
0.558556,14
0.559560,13
0.560556,10
0.561560,6
0.562556,3
0.563560,1
0.564560,2
0.565560,5
0.566560,9
0.567560,12
0.568556,14
0.569556,13
0.570560,10
0.571556,6
0.572560,3
0.573564,1
0.574560,2
0.575560,5
0.576564,9
0.577560,12
0.578564,14
0.579564,13
0.580560,10
0.581564,6
0.582560,3
0.586560,9
0.587560,12
0.588560,14
0.589564,13
0.590560,10
0.591564,6
0.592564,3
0.593564,1
0.594564,2
0.595560,5
0.596564,9
0.597564,12
0.598564,14
0.599564,13
0.600560,10
0.601564,6
0.602564,3
0.603564,1
0.604568,2
0.605564,5
0.606564,9
0.607564,12
0.608564,14
0.609568,13
0.610568,10
0.611568,6
0.612568,3
0.613568,1
0.614564,2
0.615564,5
0.616572,9
0.617564,12
0.618568,14
0.619564,13
0.620568,10
0.621564,6
0.622568,3
0.623572,1
0.624568,2
0.625568,5
0.626572,9
0.627564,12
0.631568,6
0.632568,3
0.633572,1
0.634572,2
0.635572,5
0.636568,9
0.637572,12
0.638568,14
0.639568,13
0.640572,10
0.641568,6
0.642572,3
0.643572,1
0.644572,2
0.645572,5
0.646568,9
0.647572,12
0.648572,14
0.649568,13
0.650572,10
0.651572,6
0.652572,3
0.653572,1
0.654572,2
0.655572,5
0.656572,9
0.657572,12
0.658572,14
0.659580,13
0.660576,10
0.661572,6
0.662572,3
0.663572,1
0.664576,2
0.665576,5
0.666572,9
0.667572,12
0.668576,14
0.669572,13
0.670572,10
0.671572,6
0.675576,5
0.676576,9
0.677576,12
0.678572,14
0.679572,13
0.680576,10
0.681576,6
0.682576,3
0.683576,1
0.684576,2
0.685576,5
0.686576,9
0.687576,12
0.688580,14
0.689576,13
0.690580,10
0.691580,6
0.692576,3
0.693576,1
0.694576,2
0.695576,5
0.696580,9
0.697580,12
0.698580,14
0.699580,13
0.700580,10
0.701576,6
0.702584,3
0.703576,1
0.704576,2
0.705580,5
0.706580,9
0.707580,12
0.708580,14
0.709584,13
0.710580,10
0.711580,6
0.712584,3
0.713584,1
0.714580,2
0.715580,5
0.719580,13
0.720584,10
0.721584,6
0.722584,3
0.723580,1
0.724584,2
0.725580,5
0.726584,9
0.727580,12
0.728584,14
0.729580,13
0.730584,10
0.731580,6
0.732584,3
0.733580,1
0.734580,2
0.735584,5
0.736584,9
0.737584,12
0.738584,14
0.739584,13
0.740584,10
0.741588,6
0.742584,3
0.743588,1
0.744588,2
0.745592,5
0.746584,9
0.747584,12
0.748584,14
0.749584,13
0.750584,10
0.751588,6
0.752588,3
0.753588,1
0.754588,2
0.755588,5
0.756588,9
0.757584,12
0.758584,14
0.759588,13
0.763588,1
0.764588,2
0.765588,5
0.766592,9
0.767592,12
0.768592,14
0.769588,13
0.770592,10
0.771588,6
0.772588,3
0.773588,1
0.774592,2
0.775588,5
0.776592,9
0.777592,12
0.778588,14
0.779592,13
0.780588,10
0.781592,6
0.782588,3
0.783588,1
0.784592,2
0.785592,5
0.786592,9
0.787592,12
0.788600,14
0.789592,13
0.790592,10
0.791592,6
0.792588,3
0.793592,1
0.794592,2
0.795592,5
0.796592,9
0.797592,12
0.798592,14
0.799592,13
0.800592,10
0.801596,6
0.802592,3
0.803592,1
0.804592,2
0.808592,14
0.809596,13
0.810596,10
0.811596,6
0.812596,3
0.813592,1
0.814596,2
0.815592,5
0.816596,9
0.817596,12
0.818596,14
0.819596,13
0.820600,10
0.821596,6
0.822596,3
0.823596,1
0.824600,2
0.825596,5
0.826596,9
0.827596,12
0.828596,14
0.829600,13
0.830600,10
0.831604,6
0.832596,3
0.833600,1
0.834600,2
0.835596,5
0.836596,9
0.837596,12
0.838600,14
0.839600,13
0.840600,10
0.841600,6
0.842596,3
0.843600,1
0.844600,2
0.845604,5
0.846596,9
0.847600,12
0.848600,14
0.852600,3
0.853600,1
0.854600,2
0.855600,5
0.856600,9
0.857600,12
0.858600,14
0.859604,13
0.860600,10
0.861604,6
0.862604,3
0.863604,1
0.864604,2
0.865604,5
0.866600,9
0.867600,12
0.868604,14
0.869600,13
0.870604,10
0.871604,6
0.872604,3
0.873604,1
0.874612,2
0.875608,5
0.876604,9
0.877604,12
0.878608,14
0.879608,13
0.880604,10
0.881604,6
0.882604,3
0.883604,1
0.884608,2
0.885608,5
0.886604,9
0.887604,12
0.888608,14
0.889604,13
0.890604,10
0.891604,6
0.892608,3
0.896608,9
0.897612,12
0.898608,14
0.899608,13
0.900608,10
0.901608,6
0.902608,3
0.903612,1
0.904608,2
0.905608,5
0.906608,9
0.907612,12
0.908612,14
0.909612,13
0.910612,10
0.911608,6
0.912608,3
0.913608,1
0.914608,2
0.915608,5
0.916616,9
0.917616,12
0.918612,14
0.919608,13
0.920612,10
0.921608,6
0.922608,3
0.923612,1
0.924612,2
0.925612,5
0.926612,9
0.927612,12
0.928612,14
0.929612,13
0.930612,10
0.931612,6
0.932612,3
0.933616,1
0.934616,2
0.935612,5
0.936612,9
0.937612,12
0.941616,6
0.942616,3
0.943616,1
0.944612,2
0.945612,5
0.946612,9
0.947612,12
0.948616,14
0.949616,13
0.950616,10
0.951616,6
0.952616,3
0.953612,1
0.954620,2
0.955616,5
0.956616,9
0.957616,12
0.958616,14
0.959620,13
0.960624,10
0.961620,6
0.962616,3
0.963616,1
0.964616,2
0.965616,5
0.966620,9
0.967616,12
0.968616,14
0.969616,13
0.970616,10
0.971620,6
0.972620,3
0.973620,1
0.974620,2
0.975620,5
0.976616,9
0.977616,12
0.978620,14
0.979616,13
0.980620,10
0.981620,6
0.985624,5
0.986620,9
0.987620,12
0.988624,14
0.989620,13
0.990620,10
0.991620,6
0.992620,3
0.993620,1
0.994624,2
0.995624,5
0.996624,9
0.997624,12
0.998624,14
0.999620,13
1.000620,10
1.001620,6
1.002628,3
1.003624,1
1.004624,2
1.005620,5
1.006624,9
1.007620,12
1.008620,14
1.009620,13
1.010624,10
1.011628,6
1.012624,3
1.013628,1
1.014624,2
1.015624,5
1.016624,9
1.017628,12
1.018628,14
1.019628,13
1.020628,10
1.021624,6
1.022628,3
1.023624,1
1.024624,2
1.025624,5
1.029628,13
1.030628,10
1.031624,6
1.032624,3
1.033624,1
1.034628,2
1.035624,5
1.036628,9
1.037628,12
1.038628,14
1.039628,13
1.040632,10
1.041632,6
1.042628,3
1.043628,1
1.044632,2
1.045632,5
1.046628,9
1.047628,12
1.048632,14
1.049628,13
1.050628,10
1.051632,6
1.052632,3
1.053628,1
1.054632,2
1.055628,5
1.056632,9
1.057628,12
1.058632,14
1.059632,13
1.060632,10
1.061632,6
1.062632,3
1.063632,1
1.064632,2
1.065632,5
1.066632,9
1.067632,12
1.068632,14
1.069632,13
1.070632,10
1.074636,2
1.075636,5
1.076632,9
1.077636,12
1.078632,14
1.079636,13
1.080632,10
1.081636,6
1.082636,3
1.083636,1
1.084636,2
1.085636,5
1.086632,9
1.087632,12
1.088640,14
1.089636,13
1.090636,10
1.091636,6
1.092636,3
1.093636,1
1.094636,2
1.095636,5
1.096636,9
1.097636,12
1.098636,14
1.099636,13
1.100636,10
1.101636,6
1.102636,3
1.103636,1
1.104640,2
1.105640,5
1.106640,9
1.107640,12
1.108636,14
1.109636,13
1.110636,10
1.111640,6
1.112636,3
1.113640,1
1.114640,2
1.118640,14
1.119640,13
1.120640,10
1.121640,6
1.122640,3
1.123640,1
1.124640,2
1.125640,5
1.126644,9
1.127640,12
1.128640,14
1.129644,13
1.130644,10
1.131652,6
1.132640,3
1.133640,1
1.134640,2
1.135644,5
1.136644,9
1.137640,12
1.138640,14
1.139644,13
1.140640,10
1.141640,6
1.142640,3
1.143644,1
1.144640,2
1.145644,5
1.146644,9
1.147644,12
1.148644,14
1.149648,13
1.150644,10
1.151644,6
1.152648,3
1.153648,1
1.154644,2
1.155648,5
1.156644,9
1.157644,12
1.158648,14
1.162644,3
1.163648,1
1.164644,2
1.165644,5
1.166644,9
1.167644,12
1.168648,14
1.169648,13
1.170648,10
1.171648,6
1.172652,3
1.173648,1
1.174652,2
1.175644,5
1.176648,9
1.177652,12
1.178648,14
1.179648,13
1.180648,10
1.181652,6
1.182648,3
1.183652,1
1.184652,2
1.185652,5
1.186648,9
1.187652,12
1.188648,14
1.189652,13
1.190648,10
1.191652,6
1.192652,3
1.193652,1
1.194652,2
1.195652,5
1.196648,9
1.197648,12
1.198648,14
1.199652,13
1.200652,10
1.201652,6
1.202652,3
1.206656,9
1.207656,12
1.208652,14
1.209656,13
1.210652,10
1.211652,6
1.212652,3
1.213656,1
1.214656,2
1.215652,5
1.216656,9
1.217664,12
1.218652,14
1.219652,13
1.220652,10
1.221652,6
1.222656,3
1.223652,1
1.224656,2
1.225656,5
1.226656,9
1.227656,12
1.228656,14
1.229656,13
1.230656,10
1.231656,6
1.232660,3
1.233656,1
1.234656,2
1.235656,5
1.236656,9
1.237660,12
1.238656,14
1.239656,13
1.240660,10
1.241656,6
1.242656,3
1.243656,1
1.244656,2
1.245660,5
1.246656,9
1.247660,12
1.251660,6
1.252656,3
1.253656,1
1.254660,2
1.255656,5
1.256660,9
1.257660,12
1.258660,14
1.259660,13
1.260664,10
1.261660,6
1.262664,3
1.263660,1
1.264664,2
1.265660,5
1.266660,9
1.267660,12
1.268664,14
1.269660,13
1.270660,10
1.271664,6
1.272664,3
1.273664,1
1.274660,2
1.275660,5
1.276664,9
1.277660,12
1.278664,14
1.279664,13
1.280664,10
1.281664,6
1.282664,3
1.283668,1
1.284664,2
1.285664,5
1.286668,9
1.287664,12
1.288668,14
1.289664,13
1.290664,10
1.291668,6
1.295668,5
1.296664,9
1.297664,12
1.298664,14
1.299664,13
1.300664,10
1.301668,6
1.302668,3
1.303672,1
1.304664,2
1.305668,5
1.306664,9
1.307664,12
1.308668,14
1.309668,13
1.310668,10
1.311668,6
1.312668,3
1.313668,1
1.314672,2
1.315668,5
1.316668,9
1.317668,12
1.318668,14
1.319668,13
1.320668,10
1.321668,6
1.322668,3
1.323668,1
1.324672,2
1.325672,5
1.326672,9
1.327672,12
1.328672,14
1.329668,13
1.330668,10
1.331672,6
1.332668,3
1.333672,1
1.334668,2
1.335672,5
1.339672,13
1.340668,10
1.341672,6
1.342672,3
1.343672,1
1.344676,2
1.345672,5
1.346680,9
1.347676,12
1.348672,14
1.349672,13
1.350676,10
1.351672,6
1.352676,3
1.353672,1
1.354672,2
1.355676,5
1.356672,9
1.357676,12
1.358676,14
1.359676,13
1.360672,10
1.361672,6
1.362672,3
1.363672,1
1.364676,2
1.365676,5
1.366672,9
1.367676,12
1.368676,14
1.369680,13
1.370676,10
1.371676,6
1.372676,3
1.373676,1
1.374680,2
1.375676,5
1.376676,9
1.377676,12
1.378676,14
1.379680,13
1.380680,10
1.384676,2
1.385676,5
1.386676,9
1.387680,12
1.388676,14
1.389684,13
1.390680,10
1.391676,6
1.392680,3
1.393680,1
1.394680,2
1.395680,5
1.396684,9
1.397680,12
1.398676,14
1.399680,13
1.400680,10
1.401680,6
1.402680,3
1.403684,1
1.404684,2
1.405680,5
1.406684,9
1.407680,12
1.408680,14
1.409684,13
1.410680,10
1.411684,6
1.412684,3
1.413684,1
1.414684,2
1.415684,5
1.416680,9
1.417680,12
1.418684,14
1.419684,13
1.420684,10
1.421684,6
1.422684,3
1.423684,1
1.424688,2
1.428684,14
1.429684,13
1.430688,10
1.431684,6
1.432692,3
1.433684,1
1.434688,2
1.435688,5
1.436684,9
1.437684,12
1.438688,14
1.439684,13
1.440684,10
1.441688,6
1.442684,3
1.443688,1
1.444684,2
1.445688,5
1.446688,9
1.447688,12
1.448688,14
1.449688,13
1.450688,10
1.451692,6
1.452688,3
1.453692,1
1.454688,2
1.455688,5
1.456688,9
1.457692,12
1.458692,14
1.459692,13
1.460692,10
1.461688,6
1.462692,3
1.463688,1
1.464688,2
1.465692,5
1.466688,9
1.467692,12
1.468692,14
1.472692,3
1.473692,1
1.474692,2
1.475696,5
1.476692,9
1.477692,12
1.478692,14
1.479688,13
1.480696,10
1.481696,6
1.482696,3
1.483696,1
1.484696,2
1.485692,5
1.486692,9
1.487692,12
1.488692,14
1.489696,13
1.490696,10
1.491696,6
1.492696,3
1.493696,1
1.494692,2
1.495692,5
1.496692,9
1.497696,12
1.498692,14
1.499696,13
1.500696,10
1.501696,6
1.502696,3
1.503696,1
1.504696,2
1.505692,5
1.506696,9
1.507700,12
1.508696,14
1.509696,13
1.510700,10
1.511700,6
1.512696,3
1.516696,9
1.517700,12
1.518704,14
1.519700,13
1.520696,10
1.521700,6
1.522700,3
1.523700,1
1.524696,2
1.525700,5
1.526700,9
1.527700,12
1.528700,14
1.529700,13
1.530700,10
1.531700,6
1.532700,3
1.533696,1
1.534700,2
1.535700,5
1.536700,9
1.537700,12
1.538700,14
1.539700,13
1.540700,10
1.541700,6
1.542704,3
1.543700,1
1.544704,2
1.545704,5
1.546704,9
1.547704,12
1.548700,14
1.549700,13
1.550700,10
1.551704,6
1.552704,3
1.553700,1
1.554704,2
1.555704,5
1.556708,9
1.557704,12
1.561712,6
1.562704,3
1.563704,1
1.564704,2
1.565704,5
1.566708,9
1.567704,12
1.568708,14
1.569708,13
1.570704,10
1.571708,6
1.572704,3
1.573704,1
1.574704,2
1.575708,5
1.576704,9
1.577708,12
1.578708,14
1.579708,13
1.580708,10
1.581708,6
1.582708,3
1.583708,1
1.584708,2
1.585708,5
1.586708,9
1.587708,12
1.588708,14
1.589708,13
1.590708,10
1.591708,6
1.592708,3
1.593712,1
1.594712,2
1.595708,5
1.596708,9
1.597708,12
1.598708,14
1.599712,13
1.600712,10
1.601712,6
1.605708,5
1.606708,9
1.607712,12
1.608712,14
1.609712,13
1.610712,10
1.611712,6
1.612712,3
1.613708,1
1.614708,2
1.615712,5
1.616712,9
1.617712,12
1.618712,14
1.619712,13
1.620712,10
1.621716,6
1.622716,3
1.623712,1
1.624712,2
1.625716,5
1.626712,9
1.627716,12
1.628712,14
1.629716,13
1.630712,10
1.631716,6
1.632716,3
1.633716,1
1.634716,2
1.635716,5
1.636712,9
1.637712,12
1.638716,14
1.639720,13
1.640716,10
1.641716,6
1.642716,3
1.643716,1
1.644716,2
1.645720,5
1.649716,13
1.650716,10
1.651716,6
1.652716,3
1.653720,1
1.654716,2
1.655720,5
1.656720,9
1.657720,12
1.658716,14
1.659716,13
1.660716,10
1.661720,6
1.662720,3
1.663720,1
1.664720,2
1.665720,5
1.666716,9
1.667720,12
1.668720,14
1.669720,13
1.670720,10
1.671720,6
1.672724,3
1.673720,1
1.674720,2
1.675720,5
1.676720,9
1.677724,12
1.678724,14
1.679724,13
1.680724,10
1.681720,6
1.682720,3
1.683720,1
1.684720,2
1.685724,5
1.686720,9
1.687724,12
1.688724,14
1.689728,13
1.690720,10
1.694724,2
1.695724,5
1.696720,9
1.697724,12
1.698724,14
1.699728,13
1.700724,10
1.701724,6
1.702728,3
1.703728,1
1.704724,2
1.705728,5
1.706724,9
1.707724,12
1.708728,14
1.709724,13
1.710728,10
1.711728,6
1.712724,3
1.713728,1
1.714724,2
1.715724,5
1.716724,9
1.717728,12
1.718724,14
1.719728,13
1.720728,10
1.721728,6
1.722724,3
1.723732,1
1.724732,2
1.725728,5
1.726728,9
1.727728,12
1.728728,14
1.729728,13
1.730728,10
1.731728,6
1.732736,3
1.733732,1
1.734732,2
1.738732,14
1.739728,13
1.740732,10
1.741728,6
1.742732,3
1.743732,1
1.744732,2
1.745728,5
1.746732,9
1.747732,12
1.748732,14
1.749732,13
1.750732,10
1.751732,6
1.752732,3
1.753732,1
1.754732,2
1.755736,5
1.756732,9
1.757732,12
1.758736,14
1.759732,13
1.760732,10
1.761732,6
1.762732,3
1.763732,1
1.764736,2
1.765736,5
1.766736,9
1.767736,12
1.768736,14
1.769732,13
1.770732,10
1.771736,6
1.772736,3
1.773736,1
1.774736,2
1.775740,5
1.776736,9
1.777740,12
1.778736,14
1.782736,3
1.783736,1
1.784736,2
1.785736,5
1.786736,9
1.787740,12
1.788740,14
1.789740,13
1.790736,10
1.791740,6
1.792736,3
1.793736,1
1.794736,2
1.795736,5
1.796740,9
1.797740,12
1.798740,14
1.799740,13
1.800736,10
1.801736,6
1.802736,3
1.803740,1
1.804740,2
1.805740,5
1.806740,9
1.807740,12
1.808740,14
1.809740,13
1.810744,10
1.811744,6
1.812744,3
1.813744,1
1.814740,2
1.815740,5
1.816740,9
1.817740,12
1.818748,14
1.819744,13
1.820744,10
1.821744,6
1.822744,3
1.826740,9
1.827744,12
1.828740,14
1.829744,13
1.830744,10
1.831744,6
1.832748,3
1.833744,1
1.834740,2
1.835744,5
1.836744,9
1.837744,12
1.838744,14
1.839744,13
1.840744,10
1.841748,6
1.842748,3
1.843744,1
1.844744,2
1.845748,5
1.846748,9
1.847744,12
1.848744,14
1.849744,13
1.850748,10
1.851744,6
1.852748,3
1.853748,1
1.854748,2
1.855748,5
1.856744,9
1.857744,12
1.858748,14
1.859748,13
1.860748,10
1.861752,6
1.862748,3
1.863748,1
1.864752,2
1.865748,5
1.866748,9
1.867748,12
1.871748,6
1.872748,3
1.873752,1
1.874748,2
1.875752,5
1.876752,9
1.877752,12
1.878748,14
1.879752,13
1.880752,10
1.881748,6
1.882748,3
1.883752,1
1.884752,2
1.885748,5
1.886752,9
1.887752,12
1.888752,14
1.889752,13
1.890752,10
1.891756,6
1.892752,3
1.893756,1
1.894752,2
1.895752,5
1.896752,9
1.897756,12
1.898756,14
1.899756,13
1.900756,10
1.901752,6
1.902756,3
1.903752,1
1.904760,2
1.905752,5
1.906756,9
1.907756,12
1.908756,14
1.909756,13
1.910756,10
1.911752,6
1.915756,5
1.916756,9
1.917752,12
1.918756,14
1.919760,13
1.920760,10
1.921760,6
1.922760,3
1.923760,1
1.924756,2
1.925756,5
1.926756,9
1.927756,12
1.928756,14
1.929760,13
1.930760,10
1.931760,6
1.932756,3
1.933760,1
1.934756,2
1.935760,5
1.936760,9
1.937756,12
1.938760,14
1.939760,13
1.940760,10
1.941760,6
1.942756,3
1.943764,1
1.944760,2
1.945760,5
1.946756,9
1.947764,12
1.948760,14
1.949760,13
1.950764,10
1.951760,6
1.952764,3
1.953760,1
1.954760,2
1.955764,5
1.959760,13
1.960764,10
1.961760,6
1.962764,3
1.963764,1
1.964764,2
1.965764,5
1.966760,9
1.967760,12
1.968764,14
1.969768,13
1.970764,10
1.971760,6
1.972764,3
1.973764,1
1.974764,2
1.975764,5
1.976764,9
1.977768,12
1.978768,14
1.979764,13
1.980764,10
1.981764,6
1.982764,3
1.983764,1
1.984768,2
1.985764,5
1.986768,9
1.987768,12
1.988768,14
1.989764,13
1.990772,10
1.991764,6
1.992768,3
1.993768,1
1.994768,2
1.995768,5
1.996768,9
1.997768,12
1.998768,14
1.999768,13
2.000768,10
2.004772,2
2.005768,5
2.006768,9
2.007768,12
2.008772,14
2.009772,13
2.010772,10
2.011768,6
2.012772,3
2.013768,1
2.014768,2
2.015768,5
2.016772,9
2.017768,12
2.018772,14
2.019772,13
2.020772,10
2.021772,6
2.022772,3
2.023768,1
2.024772,2
2.025772,5
2.026772,9
2.027772,12
2.028772,14
2.029772,13
2.030776,10
2.031776,6
2.032772,3
2.033776,1
2.034772,2
2.035776,5
2.036772,9
2.037772,12
2.038772,14
2.039776,13
2.040772,10
2.041776,6
2.042776,3
2.043776,1
2.044772,2
2.048776,14
2.049776,13
2.050776,10
2.051776,6
2.052776,3
2.053776,1
2.054776,2
2.055776,5
2.056776,9
2.057776,12
2.058776,14
2.059776,13
2.060776,10
2.061780,6
2.062776,3
2.063780,1
2.064780,2
2.065780,5
2.066776,9
2.067780,12
2.068776,14
2.069776,13
2.070776,10
2.071780,6
2.072780,3
2.073780,1
2.074780,2
2.075780,5
2.076788,9
2.077780,12
2.078780,14
2.079776,13
2.080780,10
2.081776,6
2.082780,3
2.083780,1
2.084780,2
2.085784,5
2.086780,9
2.087780,12
2.088784,14
2.092780,3
2.093780,1
2.094784,2
2.095780,5
2.096784,9
2.097784,12
2.098784,14
2.099780,13
2.100780,10
2.101784,6
2.102780,3
2.103784,1
2.104780,2
2.105784,5
2.106784,9
2.107788,12
2.108784,14
2.109784,13
2.110784,10
2.111784,6
2.112784,3
2.113784,1
2.114784,2
2.115784,5
2.116784,9
2.117784,12
2.118788,14
2.119792,13
2.120784,10
2.121784,6
2.122788,3
2.123784,1
2.124784,2
2.125788,5
2.126784,9
2.127788,12
2.128788,14
2.129788,13
2.130788,10
2.131784,6
2.132784,3
2.136788,9
2.137788,12
2.138788,14
2.139788,13
2.140788,10
2.141788,6
2.142792,3
2.143792,1
2.144788,2
2.145792,5
2.146788,9
2.147788,12
2.148788,14
2.149792,13
2.150792,10
2.151792,6
2.152792,3
2.153792,1
2.154788,2
2.155788,5
2.156788,9
2.157788,12
2.158792,14
2.159792,13
2.160792,10
2.161796,6
2.162800,3
2.163788,1
2.164796,2
2.165796,5
2.166796,9
2.167792,12
2.168796,14
2.169792,13
2.170792,10
2.171792,6
2.172796,3
2.173796,1
2.174792,2
2.175792,5
2.176796,9
2.177792,12
2.181792,6
2.182796,3
2.183792,1
2.184796,2
2.185796,5
2.186792,9
2.187792,12
2.188792,14
2.189796,13
2.190796,10
2.191792,6
2.192796,3
2.193796,1
2.194796,2
2.195800,5
2.196796,9
2.197796,12
2.198800,14
2.199796,13
2.200800,10
2.201800,6
2.202796,3
2.203796,1
2.204804,2
2.205804,5
2.206796,9
2.207800,12
2.208796,14
2.209796,13
2.210796,10
2.211796,6
2.212800,3
2.213796,1
2.214800,2
2.215800,5
2.216800,9
2.217796,12
2.218804,14
2.219804,13
2.220804,10
2.221800,6
2.225804,5
2.226800,9
2.227804,12
2.228804,14
2.229804,13
2.230804,10
2.231800,6
2.232804,3
2.233800,1
2.234804,2
2.235800,5
2.236804,9
2.237804,12
2.238804,14
2.239804,13
2.240804,10
2.241800,6
2.242800,3
2.243804,1
2.244804,2
2.245808,5
2.246804,9
2.247808,12
2.248804,14
2.249808,13
2.250804,10
2.251804,6
2.252804,3
2.253804,1
2.254808,2
2.255804,5
2.256804,9
2.257804,12
2.258804,14
2.259808,13
2.260808,10
2.261808,6
2.262808,3
2.263808,1
2.264804,2
2.265804,5
2.269804,13
2.270808,10
2.271808,6
2.272812,3
2.273808,1
2.274804,2
2.275808,5
2.276808,9
2.277808,12
2.278808,14
2.279808,13
2.280808,10
2.281808,6
2.282812,3
2.283812,1
2.284812,2
2.285812,5
2.286812,9
2.287808,12
2.288808,14
2.289808,13
2.290816,10
2.291812,6
2.292808,3
2.293812,1
2.294812,2
2.295812,5
2.296808,9
2.297808,12
2.298808,14
2.299812,13
2.300808,10
2.301812,6
2.302812,3
2.303812,1
2.304816,2
2.305812,5
2.306816,9
2.307816,12
2.308816,14
2.309812,13
2.310812,10
2.314816,2
2.315816,5
2.316816,9
2.317816,12
2.318816,14
2.319812,13
2.320812,10
2.321816,6
2.322812,3
2.323816,1
2.324816,2
2.325816,5
2.326816,9
2.327816,12
2.328816,14
2.329816,13
2.330816,10
2.331816,6
2.332816,3
2.333824,1
2.334816,2
2.335820,5
2.336816,9
2.337820,12
2.338820,14
2.339820,13
2.340820,10
2.341816,6
2.342816,3
2.343816,1
2.344816,2
2.345816,5
2.346820,9
2.347820,12
2.348820,14
2.349820,13
2.350816,10
2.351820,6
2.352820,3
2.353816,1
2.354820,2
2.358820,14
2.359820,13
2.360820,10
2.361820,6
2.362820,3
2.363824,1
2.364820,2
2.365824,5
2.366820,9
2.367820,12
2.368820,14
2.369824,13
2.370824,10
2.371824,6
2.372824,3
2.373820,1
2.374824,2
2.375820,5
2.376828,9
2.377820,12
2.378824,14
2.379824,13
2.380824,10
2.381824,6
2.382824,3
2.383820,1
2.384828,2
2.385828,5
2.386828,9
2.387824,12
2.388828,14
2.389824,13
2.390824,10
2.391824,6
2.392828,3
2.393828,1
2.394828,2
2.395828,5
2.396828,9
2.397828,12
2.398824,14
2.402828,3
2.403828,1
2.404828,2
2.405828,5
2.406828,9
2.407828,12
2.408828,14
2.409828,13
2.410828,10
2.411828,6
2.412828,3
2.413828,1
2.414828,2
2.415832,5
2.416832,9
2.417832,12
2.418832,14
2.419836,13
2.420832,10
2.421828,6
2.422828,3
2.423828,1
2.424832,2
2.425832,5
2.426828,9
2.427828,12
2.428832,14
2.429828,13
2.430828,10
2.431828,6
2.432832,3
2.433828,1
2.434832,2
2.435832,5
2.436832,9
2.437832,12
2.438836,14
2.439832,13
2.440832,10
2.441832,6
2.442836,3
2.446832,9
2.447836,12
2.448836,14
2.449836,13
2.450836,10
2.451832,6
2.452836,3
2.453832,1
2.454832,2
2.455832,5
2.456836,9
2.457836,12
2.458836,14
2.459836,13
2.460836,10
2.461832,6
2.462844,3
2.463836,1
2.464836,2
2.465836,5
2.466836,9
2.467836,12
2.468836,14
2.469836,13
2.470840,10
2.471840,6
2.472840,3
2.473840,1
2.474836,2
2.475836,5
2.476840,9
2.477836,12
2.478840,14
2.479836,13
2.480840,10
2.481840,6
2.482836,3
2.483840,1
2.484836,2
2.485836,5
2.486836,9
2.487836,12
2.491840,6
2.492840,3
2.493836,1
2.494844,2
2.495844,5
2.496844,9
2.497844,12
2.498840,14
2.499840,13
2.500840,10
2.501844,6
2.502840,3
2.503844,1
2.504844,2
2.505848,5
2.506840,9
2.507840,12
2.508840,14
2.509844,13
2.510840,10
2.511844,6
2.512844,3
2.513844,1
2.514844,2
2.515844,5
2.516844,9
2.517840,12
2.518844,14
2.519840,13
2.520844,10
2.521844,6
2.522844,3
2.523844,1
2.524844,2
2.525848,5
2.526844,9
2.527844,12
2.528848,14
2.529848,13
2.530844,10
2.531844,6
2.535844,5
2.536848,9
2.537848,12
2.538848,14
2.539844,13
2.540844,10
2.541844,6
2.542848,3
2.543844,1
2.544848,2
2.545848,5
2.546848,9
2.547848,12
2.548856,14
2.549852,13
2.550852,10
2.551848,6
2.552852,3
2.553848,1
2.554852,2
2.555848,5
2.556848,9
2.557852,12
2.558852,14
2.559852,13
2.560852,10
2.561852,6
2.562848,3
2.563848,1
2.564848,2
2.565848,5
2.566852,9
2.567848,12
2.568852,14
2.569852,13
2.570848,10
2.571852,6
2.572852,3
2.573852,1
2.574852,2
2.575848,5
2.580852,10
2.581852,6
2.582852,3
2.583856,1
2.584856,2
2.585852,5
2.586856,9
2.587852,12
2.588856,14
2.589852,13
2.590856,10
2.591860,6
2.592856,3
2.593852,1
2.594856,2
2.595852,5
2.596852,9
2.597856,12
2.598852,14
2.599856,13
2.600856,10
2.601856,6
2.602856,3
2.603860,1
2.604860,2
2.605860,5
2.606856,9
2.607860,12
2.608856,14
2.609856,13
2.610856,10
2.611856,6
2.612860,3
2.613860,1
2.614860,2
2.615860,5
2.616860,9
2.617856,12
2.618856,14
2.619860,13
2.620856,10
2.621860,6
2.625856,5
2.626860,9
2.627860,12
2.628864,14
2.629856,13
2.630860,10
2.631860,6
2.632860,3
2.633860,1
2.634864,2
2.635864,5
2.636864,9
2.637864,12
2.638864,14
2.639864,13
2.640860,10
2.641860,6
2.642860,3
2.643864,1
2.644860,2
2.645864,5
2.646864,9
2.647864,12
2.648864,14
2.649860,13
2.650860,10
2.651860,6
2.652864,3
2.653864,1
2.654860,2
2.655864,5
2.656864,9
2.657864,12
2.658868,14
2.659864,13
2.660864,10
2.661864,6
2.662868,3
2.663868,1
2.664864,2
2.665864,5
2.669864,13
2.670868,10
2.671868,6
2.672864,3
2.673864,1
2.674864,2
2.675864,5
2.676872,9
2.677872,12
2.678868,14
2.679868,13
2.680864,10
2.681864,6
2.682868,3
2.683868,1
2.684868,2
2.685868,5
2.686868,9
2.687868,12
2.688868,14
2.689868,13
2.690868,10
2.691868,6
2.692868,3
2.693868,1
2.694872,2
2.695868,5
2.696872,9
2.697868,12
2.698872,14
2.699868,13
2.700872,10
2.701872,6
2.702872,3
2.703872,1
2.704868,2
2.705868,5
2.706868,9
2.707868,12
2.708872,14
2.709872,13
2.713872,1
2.714868,2
2.715868,5
2.716872,9
2.717876,12
2.718872,14
2.719876,13
2.720880,10
2.721876,6
2.722872,3
2.723876,1
2.724876,2
2.725876,5
2.726876,9
2.727872,12
2.728872,14
2.729872,13
2.730872,10
2.731876,6
2.732876,3
2.733876,1
2.734876,2
2.735876,5
2.736876,9
2.737872,12
2.738876,14
2.739876,13
2.740876,10
2.741876,6
2.742876,3
2.743876,1
2.744876,2
2.745876,5
2.746880,9
2.747880,12
2.748876,14
2.749880,13
2.750876,10
2.751876,6
2.752876,3
2.753876,1
2.757880,12
2.758876,14
2.759880,13
2.760880,10
2.761876,6
2.762884,3
2.763876,1
2.764880,2
2.765880,5
2.766880,9
2.767880,12
2.768876,14
2.769876,13
2.770880,10
2.771884,6
2.772884,3
2.773880,1
2.774880,2
2.775880,5
2.776880,9
2.777880,12
2.778880,14
2.779884,13
2.780884,10
2.781884,6
2.782880,3
2.783880,1
2.784880,2
2.785884,5
2.786880,9
2.787884,12
2.788884,14
2.789884,13
2.790884,10
2.791880,6
2.792880,3
2.793880,1
2.794884,2
2.795888,5
2.796884,9
2.797880,12
2.798884,14
2.802888,3
2.803888,1
2.804888,2
2.805896,5
2.806884,9
2.807884,12
2.808884,14
2.809888,13
2.810888,10
2.811888,6
2.812888,3
2.813888,1
2.814888,2
2.815884,5
2.816884,9
2.817888,12
2.818884,14
2.819888,13
2.820888,10
2.821888,6
2.822888,3
2.823892,1
2.824888,2
2.825888,5
2.826888,9
2.827888,12
2.828888,14
2.829888,13
2.830888,10
2.831888,6
2.832888,3
2.833892,1
2.834892,2
2.835892,5
2.836892,9
2.837888,12
2.838888,14
2.839888,13
2.840892,10
2.841888,6
2.842892,3
2.854892,2
2.855896,5
2.856896,9
2.857896,12
2.858896,14
2.859892,13
2.860896,10
2.861892,6
2.862896,3
2.863892,1
2.864892,2
2.865896,5
2.866896,9
2.867896,12
2.868892,14
2.869896,13
2.870896,10
2.871892,6
2.872892,3
2.873896,1
2.874896,2
2.875896,5
2.876896,9
2.877896,12
2.878900,14
2.879900,13
2.880896,10
2.881900,6
2.882896,3
2.883900,1
2.884896,2
2.885896,5
2.886900,9
2.887900,12
2.888900,14
2.889900,13
2.890896,10
2.891908,6
2.892896,3
2.893896,1
2.894896,2
2.898900,14
2.899900,13
2.900896,10
2.901900,6
2.902900,3
2.903904,1
2.904896,2
2.905900,5
2.906900,9
2.907900,12
2.908900,14
2.909900,13
2.910900,10
2.911904,6
2.912904,3
2.913904,1
2.914904,2
2.915900,5
2.916900,9
2.917904,12
2.918900,14
2.919904,13
2.920904,10
2.921904,6
2.922904,3
2.923904,1
2.924900,2
2.925900,5
2.926904,9
2.927904,12
2.928904,14
2.929904,13
2.930904,10
2.931904,6
2.932908,3
2.933904,1
2.934912,2
2.935904,5
2.936904,9
2.937904,12
2.938904,14
2.939904,13
2.943904,1
2.944908,2
2.945908,5
2.946904,9
2.947908,12
2.948904,14
2.949904,13
2.950908,10
2.951908,6
2.952904,3
2.953908,1
2.954908,2
2.955908,5
2.956904,9
2.957908,12
2.958908,14
2.959904,13
2.960908,10
2.961908,6
2.962908,3
2.963908,1
2.964908,2
2.965908,5
2.966912,9
2.967912,12
2.968912,14
2.969908,13
2.970908,10
2.971908,6
2.972908,3
2.973908,1
2.974908,2
2.975912,5
2.976912,9
2.977916,12
2.978908,14
2.979912,13
2.980908,10
2.981912,6
2.982912,3
2.983912,1
2.987912,12
2.988912,14
2.989912,13
2.990912,10
2.991912,6
2.992912,3
2.993916,1
2.994912,2
2.995912,5
2.996912,9
2.997912,12
2.998916,14
2.999916,13
3.000916,10
3.001912,6
3.002912,3
3.003916,1
3.004916,2
3.005912,5
3.006916,9
3.007912,12
3.008916,14
3.009912,13
3.010916,10
3.011916,6
3.012916,3
3.013916,1
3.014916,2
3.015916,5
3.016916,9
3.017916,12
3.018916,14
3.019916,13
3.020924,10
3.021916,6
3.022920,3
3.023920,1
3.024916,2
3.025920,5
3.026916,9
3.027916,12
3.031920,6
3.032916,3
3.033920,1
3.034916,2
3.035920,5
3.036920,9
3.037916,12
3.038920,14
3.039920,13
3.040920,10
3.041920,6
3.042916,3
3.043924,1
3.044920,2
3.045920,5
3.046920,9
3.047924,12
3.048920,14
3.049920,13
3.050920,10
3.051924,6
3.052920,3
3.053924,1
3.054924,2
3.055924,5
3.056924,9
3.057920,12
3.058920,14
3.059924,13
3.060920,10
3.061924,6
3.062924,3
3.063928,1
3.064924,2
3.065924,5
3.066920,9
3.067920,12
3.068924,14
3.069928,13
3.070924,10
3.071920,6
3.075928,5
3.076924,9
3.077924,12
3.078928,14
3.079928,13
3.080924,10
3.081924,6
3.082924,3
3.083928,1
3.084924,2
3.085928,5
3.086928,9
3.087928,12
3.088928,14
3.089924,13
3.090924,10
3.091924,6
3.092928,3
3.093932,1
3.094928,2
3.095928,5
3.096928,9
3.097928,12
3.098928,14
3.099924,13
3.100928,10
3.101932,6
3.102932,3
3.103928,1
3.104928,2
3.105928,5
3.106936,9
3.107928,12
3.108932,14
3.109932,13
3.110932,10
3.111928,6
3.112928,3
3.113928,1
3.114928,2
3.115928,5
3.116932,9
3.120932,10
3.121928,6
3.122928,3
3.123932,1
3.124932,2
3.125932,5
3.126932,9
3.127932,12
3.128932,14
3.129932,13
3.130932,10
3.131932,6
3.132932,3
3.133936,1
3.134936,2
3.135932,5
3.136932,9
3.137932,12
3.138932,14
3.139936,13
3.140936,10
3.141936,6
3.142936,3
3.143936,1
3.144932,2
3.145932,5
3.146932,9
3.147936,12
3.148932,14
3.149940,13
3.150936,10
3.151940,6
3.152936,3
3.153936,1
3.154936,2
3.155936,5
3.156936,9
3.157940,12
3.158936,14
3.159936,13
3.160936,10
3.164940,2
3.165936,5
3.166940,9
3.167936,12
3.168936,14
3.169936,13
3.170940,10
3.171940,6
3.172936,3
3.173940,1
3.174940,2
3.175936,5
3.176940,9
3.177940,12
3.178936,14
3.179940,13
3.180940,10
3.181940,6
3.182940,3
3.183940,1
3.184940,2
3.185940,5
3.186944,9
3.187944,12
3.188944,14
3.189940,13
3.190940,10
3.191940,6
3.192948,3
3.193940,1
3.194944,2
3.195940,5
3.196944,9
3.197944,12
3.198940,14
3.199944,13
3.200944,10
3.201944,6
3.202944,3
3.203944,1
3.204944,2
3.208944,14
3.209948,13
3.210948,10
3.211944,6
3.212948,3
3.213948,1
3.214944,2
3.215944,5
3.216944,9
3.217948,12
3.218948,14
3.219948,13
3.220948,10
3.221944,6
3.222948,3
3.223944,1
3.224944,2
3.225948,5
3.226944,9
3.227948,12
3.228948,14
3.229948,13
3.230948,10
3.231944,6
3.232944,3
3.233944,1
3.234948,2
3.235956,5
3.236948,9
3.237948,12
3.238948,14
3.239948,13
3.240952,10
3.241952,6
3.242952,3
3.243952,1
3.244952,2
3.245948,5
3.246948,9
3.247948,12
3.248948,14
3.249952,13
3.253948,1
3.254952,2
3.255948,5
3.256948,9
3.257952,12
3.258948,14
3.259952,13
3.260952,10
3.261952,6
3.262956,3
3.263952,1
3.264952,2
3.265952,5
3.266952,9
3.267956,12
3.268952,14
3.269952,13
3.270952,10
3.271952,6
3.272956,3
3.273952,1
3.274956,2
3.275956,5
3.276952,9
3.277956,12
3.278960,14
3.279952,13
3.280956,10
3.281952,6
3.282956,3
3.283956,1
3.284956,2
3.285956,5
3.286956,9
3.287952,12
3.288956,14
3.289956,13
3.290956,10
3.291956,6
3.292956,3
3.293956,1
3.297956,12
3.298956,14
3.299960,13
3.300956,10
3.301956,6
3.302956,3
3.303960,1
3.304956,2
3.305960,5
3.306960,9
3.307960,12
3.308960,14
3.309960,13
3.310956,10
3.311956,6
3.312960,3
3.313956,1
3.314960,2
3.315960,5
3.316960,9
3.317960,12
3.318956,14
3.319960,13
3.320968,10
3.321964,6
3.322960,3
3.323960,1
3.324960,2
3.325960,5
3.326964,9
3.327960,12
3.328964,14
3.329964,13
3.330964,10
3.331960,6
3.332960,3
3.333960,1
3.334960,2
3.335964,5
3.336960,9
3.337964,12
3.341960,6
3.342964,3
3.343964,1
3.344964,2
3.345968,5
3.346964,9
3.347964,12
3.348964,14
3.349964,13
3.350964,10
3.351964,6
3.352968,3
3.353968,1
3.354968,2
3.355964,5
3.356968,9
3.357964,12
3.358968,14
3.359964,13
3.360968,10
3.361968,6
3.362968,3
3.363972,1
3.364968,2
3.365968,5
3.366964,9
3.367968,12
3.368964,14
3.369968,13
3.370968,10
3.371968,6
3.372968,3
3.373972,1
3.374968,2
3.375968,5
3.376968,9
3.377968,12
3.378968,14
3.379968,13
3.380968,10
3.381968,6
3.385968,5
3.386972,9
3.387972,12
3.388972,14
3.389972,13
3.390972,10
3.391972,6
3.392968,3
3.393972,1
3.394972,2
3.395972,5
3.396972,9
3.397972,12
3.398972,14
3.399972,13
3.400972,10
3.401972,6
3.402976,3
3.403972,1
3.404972,2
3.405976,5
3.406980,9
3.407980,12
3.408972,14
3.409972,13
3.410972,10
3.411972,6
3.412972,3
3.413972,1
3.414976,2
3.415976,5
3.416972,9
3.417976,12
3.418972,14
3.419972,13
3.420972,10
3.421972,6
3.422976,3
3.423976,1
3.424976,2
3.425976,5
3.426976,9
3.430976,10
3.431976,6
3.432980,3
3.433976,1
3.434976,2
3.435976,5
3.436976,9
3.437976,12
3.438980,14
3.439980,13
3.440980,10
3.441976,6
3.442976,3
3.443976,1
3.444976,2
3.445976,5
3.446980,9
3.447980,12
3.448980,14
3.449984,13
3.450984,10
3.451980,6
3.452980,3
3.453980,1
3.454980,2
3.455980,5
3.456976,9
3.457980,12
3.458980,14
3.459984,13
3.460980,10
3.461980,6
3.462980,3
3.463980,1
3.464984,2
3.465980,5
3.466980,9
3.467980,12
3.468984,14
3.469980,13
3.470984,10
3.474984,2
3.475984,5
3.476984,9
3.477984,12
3.478984,14
3.479984,13
3.480984,10
3.481984,6
3.482984,3
3.483988,1
3.484984,2
3.485984,5
3.486984,9
3.487984,12
3.488984,14
3.489984,13
3.490984,10
3.491984,6
3.492992,3
3.493988,1
3.494984,2
3.495984,5
3.496988,9
3.497988,12
3.498984,14
3.499984,13
3.500988,10
3.501984,6
3.502988,3
3.503988,1
3.504988,2
3.505988,5
3.506988,9
3.507984,12
3.508988,14
3.509992,13
3.510988,10
3.511988,6
3.512992,3
3.513988,1
3.514988,2
3.518988,14
3.519988,13
3.520988,10
3.521988,6
3.522988,3
3.523988,1
3.524988,2
3.525992,5
3.526992,9
3.527992,12
3.528992,14
3.529988,13
3.530988,10
3.531988,6
3.532992,3
3.533988,1
3.534992,2
3.535996,5
3.536992,9
3.537992,12
3.538988,14
3.539996,13
3.540996,10
3.541992,6
3.542996,3
3.543996,1
3.544992,2
3.545992,5
3.546992,9
3.547996,12
3.548992,14
3.549996,13
3.550992,10
3.551996,6
3.552992,3
3.553992,1
3.554992,2
3.555992,5
3.556996,9
3.557992,12
3.558996,14
3.559996,13
3.563996,1
3.564996,2
3.565996,5
3.566996,9
3.567996,12
3.568996,14
3.569996,13
3.570996,10
3.572000,6
3.573000,3
3.573996,1
3.575000,2
3.575996,5
3.576996,9
3.577996,12
3.579000,14
3.579996,13
3.581000,10
3.582000,6
3.583000,3
3.583996,1
3.585000,2
3.586000,5
3.586996,9
3.588000,12
3.588996,14
3.590000,13
3.591004,10
3.592000,6
3.593000,3
3.594000,1
3.595000,2
3.596000,5
3.597000,9
3.598000,12
3.599000,14
3.600000,13
3.601000,10
3.602004,6
3.603000,3
3.604000,1
3.608000,12
3.609000,14
3.610004,13
3.611004,10
3.612000,6
3.613000,3
3.614004,1
3.615008,2
3.616004,5
3.617008,9
3.618004,12
3.619004,14
3.620000,13
3.621008,10
3.622008,6
3.623004,3
3.624004,1
3.625008,2
3.626004,5
3.627008,9
3.628008,12
3.629004,14
3.630008,13
3.631004,10
3.632004,6
3.633004,3
3.634008,1
3.635004,2
3.636008,5
3.637008,9
3.638008,12
3.639008,14
3.640004,13
3.641004,10
3.642008,6
3.643004,3
3.644008,1
3.645008,2
3.646008,5
3.647008,9
3.648008,12
3.652008,6
3.653008,3
3.654012,1
3.655008,2
3.656008,5
3.657008,9
3.658012,12
3.659012,14
3.660012,13
3.661012,10
3.662008,6
3.663012,3
3.664008,1
3.665016,2
3.666008,5
3.667012,9
3.668012,12
3.669012,14
3.670012,13
3.671016,10
3.672012,6
3.673012,3
3.674012,1
3.675012,2
3.676008,5
3.677012,9
3.678012,12
3.679012,14
3.680016,13
3.681012,10
3.682016,6
3.683016,3
3.684016,1
3.685012,2
3.686016,5
3.687012,9
3.688012,12
3.689016,14
3.690016,13
3.691012,10
3.692016,6
3.696016,5
3.697012,9
3.698012,12
3.699016,14
3.700016,13
3.701016,10
3.702016,6
3.703016,3
3.704016,1
3.705016,2
3.706016,5
3.707016,9
3.708020,12
3.709020,14
3.710016,13
3.711016,10
3.712020,6
3.713020,3
3.714020,1
3.715020,2
3.716020,5
3.717020,9
3.718016,12
3.719016,14
3.720016,13
3.721020,10
3.722020,6
3.723020,3
3.724020,1
3.725020,2
3.726020,5
3.727016,9
3.728016,12
3.729020,14
3.730020,13
3.731024,10
3.732020,6
3.733020,3
3.734020,1
3.735024,2
3.736020,5
3.737024,9
3.741020,10
3.742024,6
3.743020,3
3.744020,1
3.745024,2
3.746024,5
3.747024,9
3.748024,12
3.749024,14
3.750020,13
3.751028,10
3.752020,6
3.753024,3
3.754020,1
3.755024,2
3.756024,5
3.757024,9
3.758024,12
3.759024,14
3.760024,13
3.761024,10
3.762028,6
3.763024,3
3.764028,1
3.765024,2
3.766024,5
3.767024,9
3.768028,12
3.769028,14
3.770028,13
3.771028,10
3.772028,6
3.773024,3
3.774024,1
3.775024,2
3.776028,5
3.777024,9
3.778028,12
3.779028,14
3.780028,13
3.781028,10
3.785032,2
3.786024,5
3.787028,9
3.788028,12
3.789028,14
3.790028,13
3.791032,10
3.792032,6
3.793032,3
3.794036,1
3.795028,2
3.796028,5
3.797032,9
3.798028,12
3.799032,14
3.800032,13
3.801032,10
3.802032,6
3.803032,3
3.804032,1
3.805028,2
3.806028,5
3.807028,9
3.808032,12
3.809028,14
3.810032,13
3.811032,10
3.812032,6
3.813036,3
3.814032,1
3.815032,2
3.816032,5
3.817032,9
3.818036,12
3.819032,14
3.820032,13
3.821032,10
3.822036,6
3.823032,3
3.824036,1
3.825036,2
3.829036,14
3.830032,13
3.831036,10
3.832036,6
3.833032,3
3.834036,1
3.835036,2
3.836036,5
3.837044,9
3.838036,12
3.839036,14
3.840036,13
3.841036,10
3.842036,6
3.843036,3
3.844036,1
3.845036,2
3.846036,5
3.847040,9
3.848040,12
3.849036,14
3.850040,13
3.851036,10
3.852036,6
3.853040,3
3.854036,1
3.855040,2
3.856036,5
3.857040,9
3.858036,12
3.859040,14
3.860036,13
3.861036,10
3.862040,6
3.863040,3
3.864040,1
3.865040,2
3.866040,5
3.867040,9
3.868040,12
3.869040,14
3.870044,13
3.874040,1
3.875040,2
3.876040,5
3.877044,9
3.878040,12
3.879044,14
3.880048,13
3.881040,10
3.882040,6
3.883044,3
3.884040,1
3.885044,2
3.886044,5
3.887044,9
3.888044,12
3.889044,14
3.890044,13
3.891044,10
3.892040,6
3.893040,3
3.894044,1
3.895044,2
3.896044,5
3.897044,9
3.898044,12
3.899044,14
3.900044,13
3.901048,10
3.902048,6
3.903048,3
3.904048,1
3.905048,2
3.906044,5
3.907044,9
3.908044,12
3.909044,14
3.910048,13
3.911048,10
3.912048,6
3.913048,3
3.914048,1
3.918044,12
3.919048,14
3.920048,13
3.921048,10
3.922052,6
3.923044,3
3.924052,1
3.925048,2
3.926048,5
3.927052,9
3.928052,12
3.929048,14
3.930048,13
3.931048,10
3.932052,6
3.933048,3
3.934052,1
3.935052,2
3.936052,5
3.937052,9
3.938048,12
3.939048,14
3.940048,13
3.941052,10
3.942048,6
3.943052,3
3.944052,1
3.945052,2
3.946052,5
3.947048,9
3.948056,12
3.949056,14
3.950052,13
3.951056,10
3.952052,6
3.953052,3
3.954052,1
3.955052,2
3.956052,5
3.957056,9
3.958056,12
3.962056,6
3.963052,3
3.964052,1
3.965060,2
3.966064,5
3.967056,9
3.968056,12
3.969056,14
3.970056,13
3.971056,10
3.972056,6
3.973056,3
3.974056,1
3.975056,2
3.976056,5
3.977056,9
3.978056,12
3.979056,14
3.980056,13
3.981056,10
3.982056,6
3.983056,3
3.984060,1
3.985056,2
3.986056,5
3.987056,9
3.988060,12
3.989060,14
3.990060,13
3.991060,10
3.992056,6
3.993060,3
3.994060,1
3.995060,2
3.996060,5
3.997060,9
3.998056,12
3.999060,14
4.000060,13
4.001060,10
4.002056,6
4.007060,9
4.008068,12
4.009060,14
4.010060,13
4.011064,10
4.012060,6
4.013064,3
4.014064,1
4.015064,2
4.016064,5
4.017064,9
4.018064,12
4.019064,14
4.020064,13
4.021064,10
4.022064,6
4.023064,3
4.024060,1
4.025064,2
4.026064,5
4.027064,9
4.028064,12
4.029064,14
4.030064,13
4.031068,10
4.032064,6
4.033064,3
4.034064,1
4.035064,2
4.036068,5
4.037064,9
4.038068,12
4.039064,14
4.040068,13
4.041064,10
4.042064,6
4.043064,3
4.044064,1
4.045068,2
4.046068,5
4.047064,9
4.048068,12
4.052068,6
4.053068,3
4.054064,1
4.055068,2
4.056068,5
4.057068,9
4.058068,12
4.059072,14
4.060068,13
4.061068,10
4.062072,6
4.063068,3
4.064072,1
4.065068,2
4.066068,5
4.067068,9
4.068072,12
4.069068,14
4.070068,13
4.071072,10
4.072068,6
4.073072,3
4.074068,1
4.075068,2
4.076068,5
4.077072,9
4.078072,12
4.079072,14
4.080072,13
4.081072,10
4.082068,6
4.083068,3
4.084068,1
4.085072,2
4.086076,5
4.087072,9
4.088076,12
4.089072,14
4.090072,13
4.091072,10
4.092072,6
4.096072,5
4.097076,9
4.098072,12
4.099076,14
4.100072,13
4.101076,10
4.102076,6
4.103076,3
4.104072,1
4.105076,2
4.106072,5
4.107076,9
4.108076,12
4.109076,14
4.110076,13
4.111076,10
4.112076,6
4.113076,3
4.114076,1
4.115076,2
4.116080,5
4.117076,9
4.118080,12
4.119076,14
4.120076,13
4.121076,10
4.122076,6
4.123080,3
4.124080,1
4.125080,2
4.126080,5
4.127080,9
4.128076,12
4.129076,14
4.130076,13
4.131080,10
4.132076,6
4.133080,3
4.134080,1
4.135080,2
4.136080,5
4.140080,13
4.141076,10
4.142080,6
4.143080,3
4.144080,1
4.145084,2
4.146080,5
4.147084,9
4.148084,12
4.149084,14
4.150080,13
4.151084,10
4.152080,6
4.153080,3
4.154084,1
4.155080,2
4.156084,5
4.157084,9
4.158084,12
4.159080,14
4.160084,13
4.161084,10
4.162084,6
4.163084,3
4.164084,1
4.165080,2
4.166084,5
4.167084,9
4.168084,12
4.169088,14
4.170084,13
4.171084,10
4.172084,6
4.173088,3
4.174088,1
4.175084,2
4.176084,5
4.177084,9
4.178088,12
4.179084,14
4.180092,13
4.181084,10
4.185088,2
4.186088,5
4.187088,9
4.188088,12
4.189088,14
4.190088,13
4.191088,10
4.192088,6
4.193088,3
4.194088,1
4.195088,2
4.196092,5
4.197088,9
4.198088,12
4.199088,14
4.200088,13
4.201092,10
4.202092,6
4.203092,3
4.204088,1
4.205092,2
4.206088,5
4.207088,9
4.208088,12
4.209092,14
4.210088,13
4.211092,10
4.212088,6
4.213092,3
4.214092,1
4.215088,2
4.216088,5
4.217092,9
4.218096,12
4.219092,14
4.220092,13
4.221092,10
4.222092,6
4.223100,3
4.224096,1
4.225092,2
4.229092,14
4.230092,13
4.231092,10
4.232096,6
4.233092,3
4.234092,1
4.235096,2
4.236096,5
4.237096,9
4.238092,12
4.239092,14
4.240096,13
4.241092,10
4.242096,6
4.243096,3
4.244096,1
4.245096,2
4.246096,5
4.247100,9
4.248092,12
4.249096,14
4.250100,13
4.251096,10
4.252096,6
4.253096,3
4.254096,1
4.255096,2
4.256100,5
4.257100,9
4.258100,12
4.259100,14
4.260096,13
4.261096,10
4.262096,6
4.263096,3
4.264100,1
4.265096,2
4.266104,5
4.267096,9
4.268100,12
4.269096,14
4.273096,3
4.274100,1
4.275100,2
4.276100,5
4.277104,9
4.278100,12
4.279104,14
4.280104,13
4.281100,10
4.282100,6
4.283104,3
4.284100,1
4.285100,2
4.286100,5
4.287104,9
4.288104,12
4.289104,14
4.290104,13
4.291104,10
4.292100,6
4.293100,3
4.294104,1
4.295100,2
4.296104,5
4.297100,9
4.298104,12
4.299104,14
4.300104,13
4.301100,10
4.302104,6
4.303108,3
4.304108,1
4.305100,2
4.306104,5
4.307104,9
4.308104,12
4.309112,14
4.310104,13
4.311104,10
4.312108,6
4.313108,3
4.317104,9
4.318104,12
4.319108,14
4.320108,13
4.321108,10
4.322108,6
4.323108,3
4.324108,1
4.325104,2
4.326104,5
4.327108,9
4.328104,12
4.329108,14
4.330108,13
4.331108,10
4.332108,6
4.333112,3
4.334108,1
4.335108,2
4.336108,5
4.337108,9
4.338108,12
4.339108,14
4.340108,13
4.341108,10
4.342112,6
4.343108,3
4.344112,1
4.345112,2
4.346108,5
4.347112,9
4.348108,12
4.349108,14
4.350108,13
4.351112,10
4.352116,6
4.353112,3
4.354112,1
4.355112,2
4.356108,5
4.357112,9
4.358112,12
4.362112,6
4.363112,3
4.364112,1
4.365112,2
4.366116,5
4.367116,9
4.368116,12
4.369112,14
4.370116,13
4.371112,10
4.372112,6
4.373116,3
4.374112,1
4.375116,2
4.376112,5
4.377116,9
4.378112,12
4.379116,14
4.380112,13
4.381116,10
4.382116,6
4.383116,3
4.384116,1
4.385116,2
4.386116,5
4.387116,9
4.388116,12
4.389120,14
4.390116,13
4.391116,10
4.392116,6
4.393120,3
4.394116,1
4.395120,2
4.396120,5
4.397116,9
4.398120,12
4.399120,14
4.400120,13
4.401116,10
4.402116,6
4.406120,5
4.407120,9
4.408120,12
4.409120,14
4.410120,13
4.411120,10
4.412120,6
4.413120,3
4.414120,1
4.415120,2
4.416120,5
4.417120,9
4.418120,12
4.419124,14
4.420120,13
4.421120,10
4.422124,6
4.423124,3
4.424124,1
4.425120,2
4.426120,5
4.427120,9
4.428120,12
4.429124,14
4.430124,13
4.431124,10
4.432124,6
4.433124,3
4.434124,1
4.435124,2
4.436124,5
4.437128,9
4.438128,12
4.439124,14
4.440124,13
4.441124,10
4.442124,6
4.443120,3
4.444128,1
4.445128,2
4.446128,5
4.450128,13
4.451124,10
4.452128,6
4.453124,3
4.454128,1
4.455128,2
4.456128,5
4.457124,9
4.458128,12
4.459128,14
4.460124,13
4.461128,10
4.462124,6
4.463128,3
4.464128,1
4.465128,2
4.466128,5
4.467128,9
4.468128,12
4.469128,14
4.470132,13
4.471128,10
4.472128,6
4.473128,3
4.474128,1
4.475128,2
4.476132,5
4.477128,9
4.478128,12
4.479132,14
4.480132,13
4.481136,10
4.482128,6
4.483128,3
4.484132,1
4.485128,2
4.486132,5
4.487132,9
4.488132,12
4.489128,14
4.490132,13
4.491132,10
4.495132,2
4.496136,5
4.497132,9
4.498132,12
4.499128,14
4.500132,13
4.501132,10
4.502132,6
4.503132,3
4.504132,1
4.505132,2
4.506132,5
4.507132,9
4.508136,12
4.509136,14
4.510136,13
4.511132,10
4.512136,6
4.513132,3
4.514132,1
4.515136,2
4.516132,5
4.517136,9
4.518132,12
4.519136,14
4.520132,13
4.521136,10
4.522136,6
4.523140,3
4.524144,1
4.525136,2
4.526140,5
4.527136,9
4.528136,12
4.529136,14
4.530136,13
4.531140,10
4.532136,6
4.533136,3
4.534136,1
4.535140,2
4.539136,14
4.540140,13
4.541140,10
4.542140,6
4.543140,3
4.544136,1
4.545140,2
4.546140,5
4.547140,9
4.548140,12
4.549140,14
4.550140,13
4.551140,10
4.552144,6
4.553140,3
4.554144,1
4.555140,2
4.556140,5
4.557144,9
4.558140,12
4.559140,14
4.560140,13
4.561140,10
4.562144,6
4.563140,3
4.564144,1
4.565144,2
4.566148,5
4.567140,9
4.568140,12
4.569140,14
4.570144,13
4.571140,10
4.572144,6
4.573144,3
4.574144,1
4.575144,2
4.576144,5
4.577144,9
4.578144,12
4.579144,14
4.583144,3
4.584144,1
4.585148,2
4.586144,5
4.587148,9
4.588148,12
4.589148,14
4.590144,13
4.591148,10
4.592144,6
4.593144,3
4.594148,1
4.595144,2
4.596148,5
4.597148,9
4.598148,12
4.599148,14
4.600144,13
4.601148,10
4.602148,6
4.603148,3
4.604148,1
4.605144,2
4.606148,5
4.607148,9
4.608148,12
4.609156,14
4.610148,13
4.611152,10
4.612148,6
4.613152,3
4.614148,1
4.615148,2
4.616148,5
4.617148,9
4.618152,12
4.619152,14
4.620152,13
4.621152,10
4.622148,6
4.623152,3
4.627148,9
4.628152,12
4.629152,14
4.630152,13
4.631156,10
4.632152,6
4.633152,3
4.634152,1
4.635152,2
4.636152,5
4.637156,9
4.638152,12
4.639152,14
4.640156,13
4.641152,10
4.642152,6
4.643152,3
4.644152,1
4.645156,2
4.646152,5
4.647152,9
4.648152,12
