0.000916,3
0.009920,14
0.010916,10
0.011920,3
0.012920,1
0.013920,6
0.014916,12
0.015916,13
0.016920,7
0.017916,1
0.018916,3
0.019920,9
0.020924,14
0.021920,11
0.022920,4
0.023920,1
0.024920,5
0.025920,12
0.026920,13
0.027920,8
0.028920,2
0.029920,2
0.030924,8
0.031920,13
0.032920,11
0.033920,4
0.034920,1
0.035924,5
0.036920,11
0.037924,13
0.038920,8
0.039924,2
0.040924,2
0.041920,8
0.042920,13
0.043920,12
0.044924,5
0.045928,1
0.046924,4
0.047924,11
0.048924,14
0.049924,9
0.053924,13
0.054924,12
0.055924,6
0.056924,1
0.057928,3
0.058924,10
0.059928,14
0.060928,10
0.061928,3
0.062924,1
0.063928,6
0.064928,12
0.065928,13
0.066928,7
0.067928,1
0.068928,3
0.069928,9
0.070928,14
0.071924,11
0.072924,4
0.073924,1
0.074928,5
0.075932,12
0.076928,13
0.077928,8
0.078928,2
0.079928,2
0.080928,8
0.081928,13
0.082928,11
0.083928,4
0.084928,1
0.085932,5
0.086928,11
0.087928,13
0.088936,8
0.089932,2
0.090928,2
0.091932,8
0.092932,13
0.093928,12
0.097928,11
0.098932,14
0.099928,9
0.100932,3
0.101928,1
0.102932,7
0.103932,13
0.104932,12
0.105936,6
0.106932,1
0.107932,3
0.108932,10
0.109932,14
0.110936,10
0.111932,3
0.112932,1
0.113936,6
0.114936,12
0.115932,13
0.116932,7
0.117932,1
0.118932,3
0.119936,9
0.120936,14
0.121936,11
0.122936,4
0.123936,1
0.124932,5
0.125932,12
0.126936,13
0.127936,8
0.128936,2
0.129936,2
0.130940,8
0.131940,13
0.132936,11
0.133940,4
0.134936,1
0.135940,5
0.136940,11
0.137940,13
0.141940,8
0.142936,13
0.143940,12
0.144936,5
0.145940,1
0.146940,4
0.147936,11
0.148940,14
0.149936,9
0.150936,3
0.151940,1
0.152936,7
0.153940,13
0.154940,12
0.155940,6
0.156940,1
0.157936,3
0.158940,10
0.159940,14
0.160944,10
0.161940,3
0.162940,1
0.163940,6
0.164940,12
0.165940,13
0.166940,7
0.167944,1
0.168944,3
0.169944,9
0.170944,14
0.171940,11
0.172940,4
0.173944,1
0.174948,5
0.175940,12
0.176944,13
0.177944,8
0.178944,2
0.179944,2
0.180944,8
0.181940,13
0.182940,11
0.186944,11
0.187944,13
0.188948,8
0.189944,2
0.190944,2
0.191944,8
0.192944,13
0.193944,12
0.194944,5
0.195948,1
0.196944,4
0.197944,11
0.198948,14
0.199944,9
0.200948,3
0.201948,1
0.202948,7
0.203944,13
0.204944,12
0.205944,6
0.206944,1
0.207948,3
0.208944,10
0.209948,14
0.210948,10
0.211948,3
0.212952,1
0.213948,6
0.214944,12
0.215948,13
0.216952,7
0.217944,1
0.218948,3
0.219948,9
0.220948,14
0.221948,11
0.222948,4
0.223948,1
0.224948,5
0.225952,12
0.226948,13
0.230952,8
0.231948,13
0.232952,11
0.233952,4
0.234952,1
0.235948,5
0.236948,11
0.237948,13
0.238948,8
0.239952,2
0.240948,2
0.241952,8
0.242952,13
0.243952,12
0.244952,5
0.245952,1
0.246952,4
0.247952,11
0.248956,14
0.249956,9
0.250952,3
0.251956,1
0.252952,7
0.253952,13
0.254952,12
0.255952,6
0.256956,1
0.257956,3
0.258956,10
0.259960,14
0.260952,10
0.261952,3
0.262952,1
0.263952,6
0.264956,12
0.265956,13
0.266956,7
0.267956,1
0.268956,3
0.269956,9
0.270956,14
0.274956,5
0.275956,12
0.276956,13
0.277960,8
0.278956,2
0.279960,2
0.280960,8
0.281960,13
0.282960,11
0.283956,4
0.284956,1
0.285956,5
0.286956,11
0.287960,13
0.288960,8
0.289956,2
0.290960,2
0.291960,8
0.292956,13
0.293956,12
0.294956,5
0.295960,1
0.296960,4
0.297960,11
0.298960,14
0.299960,9
0.300964,3
0.301960,1
0.302968,7
0.303960,13
0.304960,12
0.305964,6
0.306960,1
0.307960,3
0.308960,10
0.309960,14
0.310964,10
0.311964,3
0.312964,1
0.313964,6
0.314964,12
0.315960,13
0.319960,9
0.320964,14
0.321964,11
0.322964,4
0.323964,1
0.324960,5
0.325960,12
0.326964,13
0.327964,8
0.328964,2
0.329964,2
0.330964,8
0.331964,13
0.332964,11
0.333964,4
0.334968,1
0.335968,5
0.336968,11
0.337968,13
0.338964,8
0.339964,2
0.340964,2
0.341964,8
0.342964,13
0.343968,12
0.344968,5
0.345972,1
0.346964,4
0.347968,11
0.348964,14
0.349964,9
0.350968,3
0.351972,1
0.352968,7
0.353964,13
0.354968,12
0.355972,6
0.356968,1
0.357972,3
0.358968,10
0.359968,14
0.363972,6
0.364968,12
0.365972,13
0.366968,7
0.367972,1
0.368972,3
0.369972,9
0.370968,14
0.371972,11
0.372972,4
0.373968,1
0.374968,5
0.375972,12
0.376972,13
0.377972,8
0.378972,2
0.379972,2
0.380968,8
0.381968,13
0.382972,11
0.383976,4
0.384972,1
0.385976,5
0.386972,11
0.387972,13
0.388980,8
0.389976,2
0.390976,2
0.391976,8
0.392976,13
0.393972,12
0.394976,5
0.395972,1
0.396976,4
0.397972,11
0.398976,14
0.399976,9
0.400976,3
0.401976,1
0.402976,7
0.403972,13
0.407976,3
0.408976,10
0.409976,14
0.410980,10
0.411976,3
0.412976,1
0.413976,6
0.414976,12
0.415980,13
0.416976,7
0.417980,1
0.418976,3
0.419976,9
0.420980,14
0.421980,11
0.422980,4
0.423980,1
0.424980,5
0.425976,12
0.426976,13
0.427976,8
0.428980,2
0.429976,2
0.430980,8
0.431984,13
0.432980,11
0.433984,4
0.434980,1
0.435984,5
0.436980,11
0.437980,13
0.438980,8
0.439980,2
0.440984,2
0.441980,8
0.442980,13
0.443984,12
0.444984,5
0.445980,1
0.446980,4
0.447984,11
0.448980,14
0.452984,7
0.453984,13
0.454984,12
0.455984,6
0.456984,1
0.457984,3
0.458980,10
0.459980,14
0.460984,10
0.461980,3
0.462984,1
0.463984,6
0.464984,12
0.465984,13
0.466988,7
0.467984,1
0.468984,3
0.469984,9
0.470984,14
0.471984,11
0.472984,4
0.473984,1
0.474996,5
0.475984,12
0.476988,13
0.477988,8
0.478988,2
0.479988,2
0.480988,8
0.481984,13
0.482984,11
0.483988,4
0.484984,1
0.485988,5
0.486984,11
0.487988,13
0.488988,8
0.489984,2
0.490992,2
0.491988,8
0.492988,13
0.496988,4
0.497988,11
0.498992,14
0.499992,9
0.500988,3
0.501992,1
0.502992,7
0.503992,13
0.504992,12
0.505988,6
0.506992,1
0.507988,3
0.508988,10
0.509992,14
0.510992,10
0.511992,3
0.512992,1
0.513992,6
0.514992,12
0.515992,13
0.516992,7
0.518000,1
0.518992,3
0.519992,9
0.520996,14
0.521992,11
0.522992,4
0.523996,1
0.524992,5
0.525992,12
0.526996,13
0.527996,8
0.528992,2
0.529992,2
0.530992,8
0.531992,13
0.532996,11
0.533996,4
0.534992,1
0.535992,5
0.536996,11
0.540996,2
0.541992,8
0.542996,13
0.543996,12
0.544996,5
0.545996,1
0.547000,4
0.547996,11
0.548996,14
0.549996,9
0.551000,3
0.551996,1
0.552996,7
0.553996,13
0.555000,12
0.555996,6
0.557000,1
0.557996,3
0.559000,10
0.559996,14
0.561004,10
0.562000,3
0.563000,1
0.563996,6
0.565000,12
0.566000,13
0.566996,7
0.568000,1
0.569000,3
0.569996,9
0.570996,14
0.572000,11
0.573004,4
0.573996,1
0.575000,5
0.576000,12
0.577000,13
0.578000,8
0.579004,2
0.580000,2
0.581000,8
0.582000,13
0.586000,5
0.587000,11
0.588004,13
0.589004,8
0.590004,2
0.591004,2
0.592004,8
0.593000,13
0.594004,12
0.595000,5
0.596004,1
0.597004,4
0.598000,11
0.599000,14
0.600000,9
0.601004,3
0.602004,1
0.603004,7
0.604008,13
0.605004,12
0.606000,6
0.607004,1
0.608004,3
0.609004,10
0.610008,14
0.611008,10
0.612008,3
0.613008,1
0.614008,6
0.615008,12
0.616004,13
0.617004,7
0.618004,1
0.619008,3
0.620004,9
0.621008,14
0.622008,11
0.623008,4
0.624004,1
0.625008,5
0.626008,12
0.630008,2
0.631008,8
0.632008,13
0.633008,11
0.634012,4
0.635012,1
0.636012,5
0.637012,11
0.638008,13
0.639008,8
0.640008,2
0.641008,2
0.642008,8
0.643012,13
0.644012,12
0.645012,5
0.646012,1
0.647016,4
0.648012,11
0.649012,14
0.650012,9
0.651008,3
0.652012,1
0.653012,7
0.654012,13
0.655012,12
0.656012,6
0.657012,1
0.658012,3
0.659012,10
0.660012,14
0.661012,10
0.662012,3
0.663012,1
0.664012,6
0.665016,12
0.666012,13
0.667012,7
0.668016,1
0.669016,3
0.670016,9
0.674012,1
0.675016,5
0.676012,12
0.677016,13
0.678016,8
0.679012,2
0.680016,2
0.681016,8
0.682016,13
0.683016,11
0.684016,4
0.685016,1
0.686016,5
0.687016,11
0.688016,13
0.689016,8
0.690024,2
0.691016,2
0.692020,8
0.693016,13
0.694016,12
0.695016,5
0.696016,1
0.697016,4
0.698020,11
0.699020,14
0.700020,9
0.701016,3
0.702020,1
0.703016,7
0.704016,13
0.705020,12
0.706016,6
0.707020,1
0.708020,3
0.709020,10
0.710020,14
0.711020,10
0.712020,3
0.713024,1
0.714024,6
0.715016,12
0.719024,3
0.720020,9
0.721020,14
0.722024,11
0.723024,4
0.724024,1
0.725024,5
0.726020,12
0.727020,13
0.728024,8
0.729020,2
0.730024,2
0.731024,8
0.732024,13
0.733028,11
0.734020,4
0.735020,1
0.736024,5
0.737024,11
0.738024,13
0.739024,8
0.740024,2
0.741024,2
0.742024,8
0.743024,13
0.744028,12
0.745024,5
0.746024,1
0.747028,4
0.748028,11
0.749024,14
0.750024,9
0.751024,3
0.752028,1
0.753024,7
0.754028,13
0.755028,12
0.756028,6
0.757024,1
0.758028,3
0.759024,10
0.763028,1
0.764028,6
0.765028,12
0.766028,13
0.767028,7
0.768028,1
0.769028,3
0.770028,9
0.771028,14
0.772028,11
0.773028,4
0.774028,1
0.775036,5
0.776036,12
0.777032,13
0.778032,8
0.779032,2
0.780028,2
0.781032,8
0.782028,13
0.783032,11
0.784028,4
0.785032,1
0.786028,5
0.787032,11
0.788032,13
0.789028,8
0.790032,2
0.791032,2
0.792032,8
0.793032,13
0.794032,12
0.795032,5
0.796028,1
0.797032,4
0.798036,11
0.799032,14
0.800032,9
0.801032,3
0.802032,1
0.803032,7
0.807036,1
0.808036,3
0.809032,10
0.810032,14
0.811036,10
0.812032,3
0.813036,1
0.814032,6
0.815036,12
0.816032,13
0.817036,7
0.818040,1
0.819044,3
0.820036,9
0.821036,14
0.822036,11
0.823036,4
0.824036,1
0.825040,5
0.826036,12
0.827036,13
0.828036,8
0.829036,2
0.830036,2
0.831036,8
0.832036,13
0.833036,11
0.834036,4
0.835036,1
0.836040,5
0.837036,11
0.838036,13
0.839040,8
0.840036,2
0.841040,2
0.842040,8
0.843040,13
0.844036,12
0.845036,5
0.846036,1
0.847036,4
0.848040,11
0.852044,1
0.853040,7
0.854044,13
0.855044,12
0.856044,6
0.857044,1
0.858040,3
0.859044,10
0.860040,14
0.861048,10
0.862040,3
0.863044,1
0.864044,6
0.865044,12
0.866044,13
0.867040,7
0.868040,1
0.869040,3
0.870040,9
0.871044,14
0.872040,11
0.873044,4
0.874044,1
0.875044,5
0.876048,12
0.877044,13
0.878044,8
0.879044,2
0.880044,2
0.881048,8
0.882044,13
0.883044,11
0.884044,4
0.885044,1
0.886048,5
0.887044,11
0.888044,13
0.889048,8
0.890048,2
0.891044,2
0.892044,8
0.896044,1
0.897048,4
0.898048,11
0.899044,14
0.900048,9
0.901048,3
0.902048,1
0.903048,7
0.904052,13
0.905048,12
0.906048,6
0.907048,1
0.908048,3
0.909052,10
0.910052,14
0.911052,10
0.912048,3
0.913052,1
0.914048,6
0.915052,12
0.916048,13
0.917052,7
0.918048,1
0.919052,3
0.920052,9
0.921052,14
0.922048,11
0.923048,4
0.924048,1
0.925048,5
0.926048,12
0.927052,13
0.928052,8
0.929052,2
0.930052,2
0.931052,8
0.932056,13
0.933052,11
0.934052,4
0.935048,1
0.936052,5
0.937052,11
0.941056,2
0.942056,8
0.943056,13
0.944056,12
0.945052,5
0.946056,1
0.947060,4
0.948052,11
0.949052,14
0.950056,9
0.951056,3
0.952056,1
0.953056,7
0.954056,13
0.955052,12
0.956052,6
0.957052,1
0.958056,3
0.959052,10
0.960056,14
0.961056,10
0.962056,3
0.963056,1
0.964056,6
0.965056,12
0.966060,13
0.967056,7
0.968060,1
0.969056,3
0.970056,9
0.971056,14
0.972056,11
0.973060,4
0.974056,1
0.975060,5
0.976056,12
0.977060,13
0.978056,8
0.979056,2
0.980056,2
0.981056,8
0.985060,1
0.986060,5
0.987064,11
0.988060,13
0.989060,8
0.990064,2
0.991060,2
0.992060,8
0.993064,13
0.994060,12
0.995064,5
0.996060,1
0.997064,4
0.998064,11
0.999060,14
1.000064,9
1.001060,3
1.002060,1
1.003060,7
1.004064,13
1.005060,12
1.006064,6
1.007064,1
1.008064,3
1.009060,10
1.010064,14
1.011064,10
1.012060,3
1.013060,1
1.014064,6
1.015064,12
1.016064,13
1.017064,7
1.018064,1
1.019068,3
1.020064,9
1.021064,14
1.022068,11
1.023064,4
1.024064,1
1.025068,5
1.029064,2
1.030068,2
1.031068,8
1.032068,13
1.033072,11
1.034064,4
1.035064,1
1.036064,5
1.037068,11
1.038068,13
1.039068,8
1.040068,2
1.041068,2
1.042068,8
1.043068,13
1.044068,12
1.045068,5
1.046064,1
1.047068,4
1.048068,11
1.049068,14
1.050068,9
1.051072,3
1.052072,1
1.053072,7
1.054068,13
1.055072,12
1.056068,6
1.057068,1
1.058068,3
1.059072,10
1.060068,14
1.061072,10
1.062072,3
1.063068,1
1.064072,6
1.065068,12
1.066068,13
1.067072,7
1.068072,1
1.069072,3
1.070072,9
1.074072,1
1.075072,5
1.076076,12
1.077072,13
1.078076,8
1.079072,2
1.080072,2
1.081072,8
1.082076,13
1.083076,11
1.084072,4
1.085072,1
1.086076,5
1.087076,11
1.088072,13
1.089072,8
1.090076,2
1.091072,2
1.092076,8
1.093076,13
1.094076,12
1.095076,5
1.096076,1
1.097072,4
1.098080,11
1.099072,14
1.100076,9
1.101076,3
1.102072,1
1.103076,7
1.104076,13
1.105080,12
1.106080,6
1.107080,1
1.108080,3
1.109080,10
1.110076,14
1.111076,10
1.112080,3
1.113076,1
1.114080,6
1.118080,1
1.119088,3
1.120080,9
1.121080,14
1.122076,11
1.123080,4
1.124080,1
1.125080,5
1.126080,12
1.127080,13
1.128076,8
1.129084,2
1.130084,2
1.131084,8
1.132084,13
1.133080,11
1.134080,4
1.135080,1
1.136080,5
1.137084,11
1.138080,13
1.139084,8
1.140084,2
1.141080,2
1.142084,8
1.143080,13
1.144080,12
1.145084,5
1.146080,1
1.147084,4
1.148084,11
1.149084,14
1.150084,9
1.151084,3
1.152084,1
1.153084,7
1.154084,13
1.155088,12
1.156084,6
1.157084,1
1.158084,3
1.159084,10
1.163084,1
1.164084,6
1.165088,12
1.166084,13
1.167084,7
1.168084,1
1.169088,3
1.170084,9
1.171088,14
1.172088,11
1.173088,4
1.174084,1
1.175084,5
1.176084,12
1.177084,13
1.178088,8
1.179084,2
1.180088,2
1.181088,8
1.182088,13
1.183092,11
1.184092,4
1.185088,1
1.186088,5
1.187092,11
1.188088,13
1.189088,8
1.190092,2
1.191088,2
1.192092,8
1.193088,13
1.194092,12
1.195088,5
1.196092,1
1.197092,4
1.198088,11
1.199088,14
1.200088,9
1.201092,3
1.202088,1
1.203092,7
1.207092,1
1.208092,3
1.209092,10
1.210088,14
1.211092,10
1.212092,3
1.213092,1
1.214092,6
1.215092,12
1.216092,13
1.217096,7
1.218096,1
1.219096,3
1.220096,9
1.221092,14
1.222092,11
1.223096,4
1.224092,1
1.225096,5
1.226092,12
1.227092,13
1.228096,8
1.229096,2
1.230092,2
1.231092,8
1.232096,13
1.233092,11
1.234096,4
1.235096,1
1.236096,5
1.237096,11
1.238096,13
1.239096,8
1.240096,2
1.241096,2
1.242096,8
1.243096,13
1.244096,12
1.245096,5
1.246096,1
1.247100,4
1.248104,11
1.252096,1
1.253096,7
1.254096,13
1.255100,12
1.256096,6
1.257100,1
1.258100,3
1.259100,10
1.260096,14
1.261100,10
1.262100,3
1.263096,1
1.264096,6
1.265100,12
1.266100,13
1.267100,7
1.268100,1
1.269100,3
1.270104,9
1.271100,14
1.272100,11
1.273100,4
1.274104,1
1.275100,5
1.276100,12
1.277100,13
1.278104,8
1.279100,2
1.280104,2
1.281104,8
1.282104,13
1.283100,11
1.284104,4
1.285100,1
1.286104,5
1.287100,11
1.288104,13
1.289104,8
1.290104,2
1.291108,2
1.292104,8
1.296104,1
1.297104,4
1.298104,11
1.299108,14
1.300104,9
1.301104,3
1.302108,1
1.303108,7
1.304104,13
1.305104,12
1.306108,6
1.307104,1
1.308104,3
1.309104,10
1.310108,14
1.311104,10
1.312108,3
1.313108,1
1.314108,6
1.315108,12
1.316108,13
1.317108,7
1.318108,1
1.319108,3
1.320104,9
1.321108,14
1.322108,11
1.323108,4
1.324108,1
1.325112,5
1.326108,12
1.327108,13
1.328112,8
1.329112,2
1.330108,2
1.331112,8
1.332108,13
1.333116,11
1.334116,4
1.335112,1
1.336112,5
1.340112,2
1.341112,2
1.342112,8
1.343108,13
1.344112,12
1.345112,5
1.346112,1
1.347112,4
1.348108,11
1.349116,14
1.350116,9
1.351116,3
1.352112,1
1.353116,7
1.354112,13
1.355112,12
1.356112,6
1.357112,1
1.358116,3
1.359116,10
1.360116,14
1.361112,10
1.362112,3
1.363116,1
1.364112,6
1.365116,12
1.366112,13
1.367116,7
1.368116,1
1.369116,3
1.370116,9
1.371116,14
1.372112,11
1.373116,4
1.374116,1
1.375116,5
1.376120,12
1.377124,13
1.378116,8
1.379116,2
1.380120,2
1.381116,8
1.385120,1
1.386116,5
1.387116,11
1.388116,13
1.389120,8
1.390120,2
1.391116,2
1.392120,8
1.393116,13
1.394116,12
1.395120,5
1.396120,1
1.397116,4
1.398116,11
1.399120,14
1.400120,9
1.401120,3
1.402124,1
1.403120,7
1.404116,13
1.405120,12
1.406120,6
1.407120,1
1.408120,3
1.409120,10
1.410120,14
1.411124,10
1.412120,3
1.413120,1
1.414120,6
1.415120,12
1.416124,13
1.417120,7
1.418120,1
1.419128,3
1.420120,9
1.421124,14
1.422120,11
1.423120,4
1.424124,1
1.425124,5
1.429128,2
1.430120,2
1.431124,8
1.432124,13
1.433124,11
1.434124,4
1.435128,1
1.436128,5
1.437124,11
1.438124,13
1.439128,8
1.440124,2
1.441124,2
1.442124,8
1.443124,13
1.444124,12
1.445128,5
1.446128,1
1.447128,4
1.448128,11
1.449124,14
1.450124,9
1.451124,3
1.452124,1
1.453128,7
1.454124,13
1.455128,12
1.456128,6
1.457128,1
1.458124,3
1.459132,10
1.460132,14
1.461132,10
1.462132,3
1.463128,1
1.464128,6
1.465128,12
1.466128,13
1.467128,7
1.468132,1
1.469132,3
1.470132,9
1.474128,1
1.475132,5
1.476128,12
1.477132,13
1.478132,8
1.479132,2
1.480132,2
1.481132,8
1.482128,13
1.483128,11
1.484132,4
1.485136,1
1.486132,5
1.487128,11
1.488132,13
1.489132,8
1.490136,2
1.491132,2
1.492132,8
1.493132,13
1.494132,12
1.495132,5
1.496132,1
1.497132,4
1.498132,11
1.499132,14
1.500136,9
1.501136,3
1.502136,1
1.503136,7
1.504132,13
1.505144,12
1.506132,6
1.507136,1
1.508132,3
1.509136,10
1.510136,14
1.511136,10
1.512136,3
1.513136,1
1.514136,6
1.519140,3
1.520136,9
1.521136,14
1.522140,11
1.523140,4
1.524140,1
1.525140,5
1.526140,12
1.527136,13
1.528136,8
1.529136,2
1.530136,2
1.531140,8
1.532140,13
1.533140,11
1.534140,4
1.535140,1
1.536136,5
1.537140,11
1.538140,13
1.539140,8
1.540144,2
1.541140,2
1.542140,8
1.543140,13
1.544140,12
1.545144,5
1.546140,1
1.547140,4
1.548148,11
1.549140,14
1.550140,9
1.551140,3
1.552140,1
1.553140,7
1.554144,13
1.555140,12
1.556140,6
1.557144,1
1.558144,3
1.559144,10
1.563144,1
1.564140,6
1.565144,12
1.566144,13
1.567144,7
1.568140,1
1.569148,3
1.570144,9
1.571144,14
1.572144,11
1.573148,4
1.574144,1
1.575144,5
1.576144,12
1.577144,13
1.578148,8
1.579148,2
1.580148,2
1.581148,8
1.582148,13
1.583144,11
1.584144,4
1.585148,1
1.586144,5
1.587148,11
1.588144,13
1.589148,8
1.590144,2
1.591152,2
1.592148,8
1.593148,13
1.594148,12
1.595144,5
1.596148,1
1.597148,4
1.598148,11
1.599148,14
1.600148,9
1.601152,3
1.602152,1
1.603152,7
1.604152,13
1.608152,3
1.609148,10
1.610152,14
1.611152,10
1.612152,3
1.613152,1
1.614148,6
1.615152,12
1.616152,13
1.617148,7
1.618148,1
1.619152,3
1.620152,9
1.621152,14
1.622152,11
1.623148,4
1.624156,1
1.625152,5
1.626152,12
1.627152,13
1.628156,8
1.629152,2
1.630152,2
1.631152,8
1.632152,13
1.633152,11
1.634160,4
1.635156,1
1.636156,5
1.637152,11
1.638152,13
1.639152,8
1.640152,2
1.641156,2
1.642152,8
1.643156,13
1.644156,12
1.645156,5
1.646152,1
1.647156,4
1.648156,11
1.652156,1
1.653156,7
1.654156,13
1.655160,12
1.656160,6
1.657160,1
1.658160,3
1.659156,10
1.660160,14
1.661156,10
1.662156,3
1.663160,1
1.664156,6
1.665160,12
1.666160,13
1.667160,7
1.668156,1
1.669160,3
1.670156,9
1.671160,14
1.672160,11
1.673160,4
1.674160,1
1.675156,5
1.676160,12
1.677168,13
1.678156,8
1.679160,2
1.680160,2
1.681156,8
1.682160,13
1.683156,11
1.684160,4
1.685160,1
1.686160,5
1.687164,11
1.688164,13
1.689164,8
1.690164,2
1.691164,2
1.692164,8
1.693160,13
1.697164,4
1.698164,11
1.699164,14
1.700164,9
1.701160,3
1.702160,1
1.703160,7
1.704164,13
1.705168,12
1.706164,6
1.707160,1
1.708164,3
1.709168,10
1.710164,14
1.711164,10
1.712164,3
1.713164,1
1.714168,6
1.715164,12
1.716164,13
1.717164,7
1.718164,1
1.719164,3
1.720172,9
1.721168,14
1.722168,11
1.723164,4
1.724168,1
1.725164,5
1.726164,12
1.727164,13
1.728168,8
1.729168,2
1.730164,2
1.731168,8
1.732168,13
1.733164,11
1.734172,4
1.735168,1
1.736168,5
1.737172,11
1.741172,2
1.742168,8
1.743172,13
1.744172,12
1.745172,5
1.746172,1
1.747168,4
1.748172,11
1.749168,14
1.750168,9
1.751172,3
1.752172,1
1.753168,7
1.754172,13
1.755172,12
1.756168,6
1.757168,1
1.758172,3
1.759172,10
1.760172,14
1.761168,10
1.762172,3
1.763176,1
1.764176,6
1.765172,12
1.766176,13
1.767176,7
1.768172,1
1.769172,3
1.770172,9
1.771176,14
1.772172,11
1.773172,4
1.774176,1
1.775172,5
1.776176,12
1.777176,13
1.778172,8
1.779176,2
1.780172,2
1.781172,8
1.785176,1
1.786176,5
1.787176,11
1.788176,13
1.789176,8
1.790176,2
1.791176,2
1.792176,8
1.793176,13
1.794176,12
1.795176,5
1.796176,1
1.797176,4
1.798180,11
1.799180,14
1.800180,9
1.801176,3
1.802180,1
1.803176,7
1.804176,13
1.805176,12
1.806184,6
1.807180,1
1.808180,3
1.809180,10
1.810180,14
1.811176,10
1.812176,3
1.813176,1
1.814176,6
1.815180,12
1.816180,13
1.817180,7
1.818180,1
1.819180,3
1.820180,9
1.821180,14
1.822184,11
1.823184,4
1.824180,1
1.825184,5
1.826180,12
1.830180,2
1.831184,8
1.832184,13
1.833184,11
1.834180,4
1.835180,1
1.836180,5
1.837180,11
1.838184,13
1.839184,8
1.840184,2
1.841184,2
1.842184,8
1.843184,13
1.844188,12
1.845184,5
1.846184,1
1.847180,4
1.848184,11
1.849188,14
1.850184,9
1.851184,3
1.852188,1
1.853184,7
1.854188,13
1.855184,12
1.856188,6
1.857188,1
1.858184,3
1.859184,10
1.860184,14
1.861188,10
1.862184,3
1.863188,1
1.864188,6
1.865188,12
1.866188,13
1.867184,7
1.868184,1
1.869184,3
1.870188,9
1.874188,1
1.875188,5
1.876188,12
1.877188,13
1.878192,8
1.879192,2
1.880192,2
1.881188,8
1.882188,13
1.883188,11
1.884188,4
1.885192,1
1.886192,5
1.887192,11
1.888192,13
1.889192,8
1.890188,2
1.891196,2
1.892200,8
1.893192,13
1.894192,12
1.895192,5
1.896192,1
1.897192,4
1.898192,11
1.899192,14
1.900192,9
1.901196,3
1.902196,1
1.903192,7
1.904188,13
1.905192,12
1.906196,6
1.907192,1
1.908196,3
1.909192,10
1.910192,14
1.911196,10
1.912192,3
1.913192,1
1.914192,6
1.918192,1
1.919196,3
1.920196,9
1.921192,14
1.922192,11
1.923192,4
1.924192,1
1.925196,5
1.926192,12
1.927196,13
1.928196,8
1.929196,2
1.930196,2
1.931196,8
1.932196,13
1.933196,11
1.934204,4
1.935200,1
1.936200,5
1.937196,11
1.938196,13
1.939200,8
1.940196,2
1.941200,2
1.942200,8
1.943196,13
1.944200,12
1.945196,5
1.946196,1
1.947196,4
1.948200,11
1.949200,14
1.950200,9
1.951200,3
1.952200,1
1.953200,7
1.954200,13
1.955200,12
1.956200,6
1.957200,1
1.958200,3
1.959200,10
1.963200,1
1.964204,6
1.965204,12
1.966204,13
1.967200,7
1.968200,1
1.969200,3
1.970200,9
1.971204,14
1.972204,11
1.973204,4
1.974204,1
1.975204,5
1.976204,12
1.977208,13
1.978212,8
1.979204,2
1.980200,2
1.981204,8
1.982204,13
1.983204,11
1.984204,4
1.985204,1
1.986208,5
1.987204,11
1.988204,13
1.989204,8
1.990208,2
1.991204,2
1.992208,8
1.993204,13
1.994208,12
1.995208,5
1.996204,1
1.997208,4
1.998204,11
1.999208,14
2.000204,9
2.001204,3
2.002204,1
2.003208,7
2.007208,1
2.008208,3
2.009208,10
2.010208,14
2.011212,10
2.012204,3
2.013208,1
2.014208,6
2.015204,12
2.016208,13
2.017212,7
2.018208,1
2.019212,3
2.020216,9
2.021208,14
2.022212,11
2.023208,4
2.024208,1
2.025208,5
2.026208,12
2.027212,13
2.028212,8
2.029212,2
2.030212,2
2.031212,8
2.032212,13
2.033212,11
2.034212,4
2.035212,1
2.036212,5
2.037208,11
2.038212,13
2.039212,8
2.040212,2
2.041208,2
2.042216,8
2.043216,13
2.044216,12
2.045212,5
2.046216,1
2.047212,4
2.048212,11
2.052216,1
2.053216,7
2.054212,13
2.055216,12
2.056212,6
2.057212,1
2.058216,3
2.059212,10
2.060216,14
2.061216,10
2.062216,3
2.063224,1
2.064216,6
2.065212,12
2.066212,13
2.067216,7
2.068220,1
2.069216,3
2.070216,9
2.071216,14
2.072216,11
2.073216,4
2.074216,1
2.075216,5
2.076216,12
2.077220,13
2.078216,8
2.079216,2
2.080216,2
2.081216,8
2.082216,13
2.083220,11
2.084220,4
2.085220,1
2.086220,5
2.087216,11
2.088216,13
2.089216,8
2.090220,2
2.091216,2
2.092220,8
2.096220,1
2.097220,4
2.098220,11
2.099220,14
2.100220,9
2.101220,3
2.102220,1
2.103220,7
2.104224,13
2.105224,12
2.106228,6
2.107224,1
2.108220,3
2.109224,10
2.110220,14
2.111220,10
2.112224,3
2.113220,1
2.114224,6
2.115224,12
2.116224,13
2.117224,7
2.118220,1
2.119224,3
2.120224,9
2.121224,14
2.122224,11
2.123224,4
2.124224,1
2.125224,5
2.126224,12
2.127224,13
2.128224,8
2.129224,2
2.130228,2
2.131228,8
2.132224,13
2.133224,11
2.134224,4
2.135224,1
2.136224,5
2.140224,2
2.141224,2
2.142228,8
2.143228,13
2.144228,12
2.145228,5
2.146228,1
2.147228,4
2.148228,11
2.149232,14
2.150232,9
2.151228,3
2.152224,1
2.153228,7
2.154228,13
2.155228,12
2.156228,6
2.157228,1
2.158228,3
2.159228,10
2.160232,14
2.161232,10
2.162232,3
2.163228,1
2.164232,6
2.165228,12
2.166228,13
2.167228,7
2.168232,1
2.169228,3
2.170232,9
2.171232,14
2.172232,11
2.173232,4
2.174228,1
2.175228,5
2.176232,12
2.177232,13
2.178232,8
2.179232,2
2.180232,2
2.181232,8
2.185232,1
2.186236,5
2.187232,11
2.188236,13
2.189232,8
2.190236,2
2.191232,2
2.192240,8
2.193236,13
2.194236,12
2.195236,5
2.196232,1
2.197236,4
2.198232,11
2.199236,14
2.200232,9
2.201236,3
2.202236,1
2.203236,7
2.204236,13
2.205236,12
2.206240,6
2.207240,1
2.208240,3
2.209240,10
2.210236,14
2.211236,10
2.212236,3
2.213236,1
2.214236,6
2.215240,12
2.216240,13
2.217240,7
2.218236,1
2.219240,3
2.220236,9
2.221236,14
2.222236,11
2.223240,4
2.224240,1
2.225240,5
2.229236,2
2.230236,2
2.231236,8
2.232240,13
2.233240,11
2.234240,4
2.235244,1
2.236240,5
2.237244,11
2.238244,13
2.239244,8
2.240240,2
2.241240,2
2.242240,8
2.243240,13
2.244240,12
2.245240,5
2.246244,1
2.247240,4
2.248244,11
2.249244,14
2.250244,9
2.251240,3
2.252244,1
2.253244,7
2.254244,13
2.255244,12
2.256244,6
2.257244,1
2.258244,3
2.259244,10
2.260244,14
2.261248,10
2.262244,3
2.263244,1
2.264248,6
2.265244,12
2.266244,13
2.267244,7
2.268244,1
2.269244,3
2.270244,9
2.274248,1
2.275248,5
2.276244,12
2.277244,13
2.278252,8
2.279248,2
2.280248,2
2.281248,8
2.282248,13
2.283248,11
2.284248,4
2.285248,1
2.286248,5
2.287248,11
2.288248,13
2.289244,8
2.290248,2
2.291248,2
2.292248,8
2.293252,13
2.294252,12
2.295252,5
2.296252,1
2.297248,4
2.298252,11
2.299248,14
2.300248,9
2.301252,3
2.302248,1
2.303252,7
2.304252,13
2.305252,12
2.306248,6
2.307248,1
2.308252,3
2.309252,10
2.310248,14
2.311252,10
2.312252,3
2.313252,1
2.314252,6
2.318252,1
2.319256,3
2.320252,9
2.321260,14
2.322256,11
2.323252,4
2.324252,1
2.325256,5
2.326256,12
2.327256,13
2.328256,8
2.329252,2
2.330256,2
2.331252,8
2.332252,13
2.333256,11
2.334256,4
2.335252,1
2.336256,5
2.337256,11
2.338256,13
2.339256,8
2.340256,2
2.341256,2
2.342256,8
2.343256,13
2.344256,12
2.345256,5
2.346256,1
2.347256,4
2.348256,11
2.349256,14
2.350256,9
2.351256,3
2.352256,1
2.353256,7
2.354256,13
2.355256,12
2.356256,6
2.357260,1
2.358260,3
2.359260,10
2.363260,1
2.364264,6
2.365256,12
2.366260,13
2.367260,7
2.368260,1
2.369260,3
2.370260,9
2.371264,14
2.372260,11
2.373260,4
2.374256,1
2.375260,5
2.376260,12
2.377260,13
2.378260,8
2.379264,2
2.380260,2
2.381264,8
2.382264,13
2.383260,11
2.384264,4
2.385260,1
2.386260,5
2.387260,11
2.388264,13
2.389260,8
2.390264,2
2.391264,2
2.392264,8
2.393264,13
2.394260,12
2.395260,5
2.396264,1
2.397264,4
2.398264,11
2.399264,14
2.400264,9
2.401264,3
2.402264,1
2.403268,7
2.407268,1
2.408264,3
2.409264,10
2.410264,14
2.411268,10
2.412268,3
2.413268,1
2.414268,6
2.415268,12
2.416268,13
2.417264,7
2.418268,1
2.419268,3
2.420264,9
2.421268,14
2.422268,11
2.423268,4
2.424268,1
2.425268,5
2.426268,12
2.427268,13
2.428268,8
2.429268,2
2.430268,2
2.431272,8
2.432268,13
2.433268,11
2.434268,4
2.435272,1
2.436272,5
2.437272,11
2.438272,13
2.439268,8
2.440272,2
2.441268,2
2.442268,8
2.443272,13
2.444272,12
2.445268,5
2.446272,1
2.447272,4
2.451272,3
2.452268,1
2.453272,7
2.454272,13
2.455272,12
2.456272,6
2.457272,1
2.458276,3
2.459272,10
2.460272,14
2.461276,10
2.462272,3
2.463276,1
2.464272,6
2.465272,12
2.466276,13
2.467272,7
2.468276,1
2.469276,3
2.470276,9
2.471276,14
2.472272,11
2.473272,4
2.474272,1
2.475276,5
2.476276,12
2.477276,13
2.478276,8
2.479276,2
2.480280,2
2.481276,8
2.482276,13
2.483276,11
2.484276,4
2.485276,1
2.486280,5
2.487276,11
2.488276,13
2.489280,8
2.490276,2
2.491280,2
2.492280,8
2.496276,1
2.497276,4
2.498280,11
2.499276,14
2.500280,9
2.501280,3
2.502280,1
2.503276,7
2.504276,13
2.505276,12
2.506280,6
2.507284,1
2.508276,3
2.509280,10
2.510280,14
2.511284,10
2.512280,3
2.513280,1
2.514280,6
2.515280,12
2.516284,13
2.517284,7
2.518280,1
2.519280,3
2.520280,9
2.521284,14
2.522280,11
2.523280,4
2.524284,1
2.525284,5
2.526284,12
2.527280,13
2.528280,8
2.529280,2
2.530284,2
2.531284,8
2.532280,13
2.533284,11
2.534288,4
2.535288,1
2.536280,5
2.540284,2
2.541284,2
2.542284,8
2.543284,13
2.544288,12
2.545284,5
2.546288,1
2.547288,4
2.548288,11
2.549284,14
2.550288,9
2.551284,3
2.552284,1
2.553288,7
2.554284,13
2.555288,12
2.556288,6
2.557288,1
2.558288,3
2.559288,10
2.560288,14
2.561288,10
2.562288,3
2.563288,1
2.564284,6
2.565288,12
2.566288,13
2.567292,7
2.568288,1
2.569292,3
2.570292,9
2.571292,14
2.572288,11
2.573288,4
2.574292,1
2.575288,5
2.576292,12
2.577288,13
2.578296,8
2.579300,2
2.580288,2
2.581292,8
2.585292,1
2.586292,5
2.587288,11
2.588292,13
2.589292,8
2.590292,2
2.591292,2
2.592292,8
2.593288,13
2.594292,12
2.595296,5
2.596292,1
2.597292,4
2.598292,11
2.599292,14
2.600292,9
2.601292,3
2.602292,1
2.603292,7
2.604296,13
2.605292,12
2.606292,6
2.607292,1
2.608296,3
2.609292,10
2.610296,14
2.611296,10
2.612296,3
2.613296,1
2.614292,6
2.615292,12
2.616296,13
2.617296,7
2.618296,1
2.619296,3
2.620296,9
2.621300,14
2.622296,11
2.623296,4
2.624300,1
2.625300,5
2.629296,2
2.630296,2
2.631296,8
2.632300,13
2.633300,11
2.634300,4
2.635296,1
2.636300,5
2.637296,11
2.638296,13
2.639296,8
2.640300,2
2.641296,2
2.642300,8
2.643300,13
2.644300,12
2.645300,5
2.646300,1
2.647300,4
2.648300,11
2.649300,14
2.650300,9
2.651300,3
2.652300,1
2.653304,7
2.654300,13
2.655300,12
2.656304,6
2.657304,1
2.658304,3
2.659304,10
2.660300,14
2.661300,10
2.662304,3
2.663300,1
2.664308,6
2.665304,12
2.666304,13
2.667304,7
2.668304,1
2.669304,3
2.670304,9
2.674304,1
2.675304,5
2.676304,12
2.677304,13
2.678304,8
2.679304,2
2.680308,2
2.681308,8
2.682304,13
2.683304,11
2.684304,4
2.685304,1
2.686304,5
2.687308,11
2.688304,13
2.689308,8
2.690304,2
2.691308,2
2.692308,8
2.693304,13
2.694308,12
2.695304,5
2.696308,1
2.697304,4
2.698308,11
2.699308,14
2.700304,9
2.701308,3
2.702308,1
2.703308,7
2.704308,13
2.705308,12
2.706308,6
2.707316,1
2.708312,3
2.709308,10
2.710312,14
2.711312,10
2.712312,3
2.713312,1
2.714308,6
2.718308,1
2.719312,3
2.720312,9
2.721312,14
2.722312,11
2.723312,4
2.724308,1
2.725308,5
2.726308,12
2.727312,13
2.728308,8
2.729312,2
2.730312,2
2.731312,8
2.732312,13
2.733312,11
2.734312,4
2.735312,1
2.736312,5
2.737312,11
2.738312,13
2.739312,8
2.740312,2
2.741316,2
2.742312,8
2.743316,13
2.744316,12
2.745316,5
2.746312,1
2.747316,4
2.748312,11
2.749316,14
2.750324,9
2.751316,3
2.752316,1
2.753316,7
2.754316,13
2.755316,12
2.756312,6
2.757320,1
2.758312,3
2.762316,3
2.763316,1
2.764320,6
2.765320,12
2.766316,13
2.767316,7
2.768320,1
2.769320,3
2.770316,9
2.771316,14
2.772316,11
2.773320,4
2.774316,1
2.775320,5
2.776320,12
2.777320,13
2.778316,8
2.779320,2
2.780320,2
2.781320,8
2.782320,13
2.783320,11
2.784320,4
2.785320,1
2.786320,5
2.787320,11
2.788320,13
2.789320,8
2.790320,2
2.791324,2
2.792320,8
2.793328,13
2.794324,12
2.795320,5
2.796320,1
2.797324,4
2.798324,11
2.799324,14
2.800324,9
2.801324,3
2.802320,1
2.803320,7
2.807324,1
2.808324,3
2.809324,10
2.810324,14
2.811320,10
2.812324,3
2.813324,1
2.814324,6
2.815320,12
2.816324,13
2.817324,7
2.818324,1
2.819328,3
2.820324,9
2.821328,14
2.822328,11
2.823324,4
2.824328,1
2.825324,5
2.826328,12
2.827328,13
2.828324,8
2.829328,2
2.830324,2
2.831328,8
2.832328,13
2.833324,11
2.834328,4
2.835328,1
2.836336,5
2.837324,11
2.838328,13
2.839328,8
2.840328,2
2.841328,2
2.842328,8
2.843328,13
2.844328,12
2.845332,5
2.846332,1
2.847328,4
2.860328,14
2.861332,10
2.862332,3
2.863332,1
2.864332,6
2.865336,12
2.866332,13
2.867332,7
2.868336,1
2.869336,3
2.870332,9
2.871332,14
2.872332,11
2.873332,4
2.874332,1
2.875336,5
2.876336,12
2.877336,13
2.878332,8
2.879340,2
2.880336,2
2.881336,8
2.882336,13
2.883332,11
2.884336,4
2.885336,1
2.886336,5
2.887336,11
2.888336,13
2.889336,8
2.890336,2
2.891336,2
2.892336,8
2.893336,13
2.894336,12
2.895336,5
2.896336,1
2.897340,4
2.898336,11
2.899336,14
2.900340,9
2.901340,3
2.905340,12
2.906340,6
2.907336,1
2.908340,3
2.909340,10
2.910336,14
2.911340,10
2.912340,3
2.913336,1
2.914336,6
2.915340,12
2.916336,13
2.917340,7
2.918340,1
2.919340,3
2.920336,9
2.921340,14
2.922344,11
2.923340,4
2.924344,1
2.925340,5
2.926340,12
2.927340,13
2.928340,8
2.929340,2
2.930344,2
2.931340,8
2.932340,13
2.933340,11
2.934344,4
2.935340,1
2.936340,5
2.937340,11
2.938340,13
2.939344,8
2.940344,2
2.941344,2
2.942344,8
2.943344,13
2.944340,12
2.945344,5
2.950344,9
2.951348,3
2.952344,1
2.953344,7
2.954344,13
2.955344,12
2.956344,6
2.957344,1
2.958348,3
2.959344,10
2.960344,14
2.961344,10
2.962348,3
2.963348,1
2.964348,6
2.965352,12
2.966344,13
2.967348,7
2.968344,1
2.969344,3
2.970348,9
2.971344,14
2.972348,11
2.973348,4
2.974348,1
2.975348,5
2.976344,12
2.977352,13
2.978352,8
2.979352,2
2.980348,2
2.981352,8
2.982348,13
2.983348,11
2.984348,4
2.985352,1
2.986348,5
2.987348,11
2.988352,13
2.989352,8
2.990348,2
2.994352,12
2.995352,5
2.996352,1
2.997352,4
2.998352,11
2.999348,14
3.000348,9
3.001348,3
3.002352,1
3.003348,7
3.004352,13
3.005352,12
3.006352,6
3.007356,1
3.008360,3
3.009356,10
3.010356,14
3.011352,10
3.012356,3
3.013352,1
3.014352,6
3.015352,12
3.016352,13
3.017356,7
3.018356,1
3.019356,3
3.020356,9
3.021356,14
3.022352,11
3.023352,4
3.024356,1
3.025352,5
3.026352,12
3.027356,13
3.028356,8
3.029356,2
3.030352,2
3.031356,8
3.032356,13
3.033356,11
3.034356,4
3.035356,1
3.039356,8
3.040356,2
3.041356,2
3.042356,8
3.043356,13
3.044356,12
3.045356,5
3.046356,1
3.047356,4
3.048356,11
3.049360,14
3.050360,9
3.051364,3
3.052356,1
3.053360,7
3.054356,13
3.055360,12
3.056360,6
3.057360,1
3.058360,3
3.059356,10
3.060360,14
3.061364,10
3.062360,3
3.063364,1
3.064360,6
3.065360,12
3.066360,13
3.067360,7
3.068360,1
3.069364,3
3.070360,9
3.071364,14
3.072360,11
3.073360,4
3.074364,1
3.075364,5
3.076364,12
3.077360,13
3.078360,8
3.079360,2
3.083364,11
3.084364,4
3.085364,1
3.086360,5
3.087360,11
3.088364,13
3.089360,8
3.090364,2
3.091364,2
3.092364,8
3.093368,13
3.094372,12
3.095364,5
3.096364,1
3.097368,4
3.098368,11
3.099364,14
3.100368,9
3.101364,3
3.102364,1
3.103368,7
3.104364,13
3.105368,12
3.106368,6
3.107368,1
3.108364,3
3.109368,10
3.110368,14
3.111368,10
3.112368,3
3.113368,1
3.114364,6
3.115368,12
3.116368,13
3.117364,7
3.118372,1
3.119368,3
3.120368,9
3.121372,14
3.122368,11
3.123372,4
3.124368,1
3.128372,8
3.129372,2
3.130372,2
3.131372,8
3.132368,13
3.133368,11
3.134368,4
3.135372,1
3.136376,5
3.137368,11
3.138372,13
3.139372,8
3.140368,2
3.141376,2
3.142372,8
3.143372,13
3.144376,12
3.145372,5
3.146372,1
3.147376,4
3.148372,11
3.149372,14
3.150372,9
3.151372,3
3.152376,1
3.153376,7
3.154372,13
3.155372,12
3.156372,6
3.157372,1
3.158372,3
3.159376,10
3.160376,14
3.161376,10
3.162376,3
3.163376,1
3.164372,6
3.165372,12
3.166372,13
3.167376,7
3.168372,1
3.172376,11
3.173376,4
3.174376,1
3.175376,5
3.176376,12
3.177380,13
3.178376,8
3.179380,2
3.180376,2
3.181380,8
3.182376,13
3.183380,11
3.184376,4
3.185380,1
3.186380,5
3.187376,11
3.188376,13
3.189376,8
3.190380,2
3.191376,2
3.192380,8
3.193380,13
3.194380,12
3.195376,5
3.196380,1
3.197380,4
3.198380,11
3.199380,14
3.200380,9
3.201380,3
3.202380,1
3.203380,7
3.204384,13
3.205380,12
3.206380,6
3.207384,1
3.208384,3
3.209384,10
3.210380,14
3.211380,10
3.212384,3
3.216384,13
3.217384,7
3.218384,1
3.219380,3
3.220380,9
3.221380,14
3.222388,11
3.223384,4
3.224384,1
3.225384,5
3.226384,12
3.227384,13
3.228384,8
3.229384,2
3.230380,2
3.231384,8
3.232388,13
3.233384,11
3.234384,4
3.235384,1
3.236384,5
3.237388,11
3.238388,13
3.239388,8
3.240388,2
3.241388,2
3.242384,8
3.243388,13
3.244388,12
3.245384,5
3.246388,1
3.247384,4
3.248388,11
3.249388,14
3.250392,9
3.251388,3
3.252384,1
3.253384,7
3.254388,13
3.255388,12
3.256392,6
3.257388,1
3.261388,10
3.262392,3
3.263392,1
3.264388,6
3.265396,12
3.266392,13
3.267388,7
3.268388,1
3.269392,3
3.270388,9
3.271392,14
3.272392,11
3.273388,4
3.274392,1
3.275388,5
3.276388,12
3.277392,13
3.278388,8
3.279392,2
3.280392,2
3.281392,8
3.282392,13
3.283392,11
3.284392,4
3.285392,1
3.286392,5
3.287396,11
3.288392,13
3.289392,8
3.290392,2
3.291392,2
3.292392,8
3.293396,13
3.294396,12
3.295396,5
3.296392,1
3.297396,4
3.298392,11
3.299392,14
3.300396,9
3.301392,3
3.305392,12
3.306396,6
3.307396,1
3.308404,3
3.309392,10
3.310396,14
3.311396,10
3.312396,3
3.313396,1
3.314396,6
3.315396,12
3.316396,13
3.317400,7
3.318400,1
3.319396,3
3.320396,9
3.321396,14
3.322396,11
3.323396,4
3.324400,1
3.325400,5
3.326400,12
3.327400,13
3.328400,8
3.329400,2
3.330400,2
3.331396,8
3.332396,13
3.333400,11
3.334400,4
3.335400,1
3.336400,5
3.337400,11
3.338400,13
3.339400,8
3.340400,2
3.341400,2
3.342400,8
3.343400,13
3.344400,12
3.345400,5
3.349400,14
3.350404,9
3.351412,3
3.352400,1
3.353400,7
3.354400,13
3.355404,12
3.356404,6
3.357404,1
3.358404,3
3.359404,10
3.360404,14
3.361408,10
3.362408,3
3.363404,1
3.364404,6
3.365404,12
3.366404,13
3.367404,7
3.368404,1
3.369404,3
3.370404,9
3.371408,14
3.372408,11
3.373408,4
3.374404,1
3.375408,5
3.376404,12
3.377404,13
3.378408,8
3.379404,2
3.380408,2
3.381408,8
3.382408,13
3.383408,11
3.384404,4
3.385408,1
3.386408,5
3.387404,11
3.388408,13
3.389404,8
3.390408,2
3.394412,12
3.395404,5
3.396408,1
3.397412,4
3.398412,11
