0.000168,8
0.010168,8
0.011172,6
0.012168,8
0.013168,6
0.014172,8
0.015172,6
0.016168,8
0.017172,6
0.018168,8
0.019168,6
0.020168,8
0.021172,6
0.022168,8
0.023172,6
0.024172,8
0.025172,6
0.026168,8
0.027172,6
0.028176,8
0.029168,6
0.030172,8
0.031172,6
0.032168,8
0.033172,6
0.034172,8
0.035172,6
0.036172,8
0.037176,6
0.038176,8
0.039172,6
0.040172,8
0.041172,6
0.042176,8
0.043172,6
0.044172,8
0.045172,6
0.046176,8
0.047176,6
0.048176,8
0.049176,6
0.050176,8
0.051172,6
0.055176,6
0.056172,8
0.057176,6
0.058176,8
0.059176,6
0.060176,8
0.061172,6
0.062176,8
0.063176,6
0.064172,8
0.065176,6
0.066176,8
0.067176,6
0.068176,8
0.069180,6
0.070176,8
0.071184,6
0.072176,8
0.073176,6
0.074176,8
0.075180,6
0.076176,8
0.077180,6
0.078180,8
0.079180,6
0.080180,8
0.081180,6
0.082180,8
0.083180,6
0.084176,8
0.085180,6
0.086180,8
0.087180,6
0.088180,8
0.089180,6
0.090184,8
0.091180,6
0.092180,8
0.093180,6
0.094184,8
0.095180,6
0.096180,8
0.097180,6
0.101180,6
0.102180,8
0.103180,6
0.104184,8
0.105180,6
0.106180,8
0.107184,6
0.108184,8
0.109184,6
0.110180,8
0.111180,6
0.112180,8
0.113180,6
0.114188,8
0.115184,6
0.116184,8
0.117180,6
0.118184,8
0.119180,6
0.120188,8
0.121184,6
0.122184,8
0.123188,6
0.124184,8
0.125188,6
0.126184,8
0.127188,6
0.128184,8
0.129184,6
0.130184,8
0.131184,6
0.132188,8
0.133188,6
0.134184,8
0.135188,6
0.136184,8
0.137184,6
0.138184,8
0.139188,6
0.140184,8
0.141188,6
0.142188,8
0.143188,6
0.147188,6
0.148188,8
0.149184,6
0.150188,8
0.151188,6
0.152188,8
0.153188,6
0.154192,8
0.155192,6
0.156192,8
0.157196,6
0.158188,8
0.159188,6
0.160188,8
0.161188,6
0.162188,8
0.163192,6
0.164192,8
0.165192,6
0.166192,8
0.167192,6
0.168188,8
0.169192,6
0.170192,8
0.171188,6
0.172192,8
0.173192,6
0.174192,8
0.175192,6
0.176192,8
0.177196,6
0.178192,8
0.179192,6
0.180196,8
0.181196,6
0.182192,8
0.183192,6
0.184192,8
0.185192,6
0.186196,8
0.187196,6
0.188196,8
0.192192,8
0.193192,6
0.194196,8
0.195192,6
0.196196,8
0.197196,6
0.198196,8
0.199196,6
0.200204,8
0.201196,6
0.202196,8
0.203196,6
0.204196,8
0.205192,6
0.206196,8
0.207200,6
0.208196,8
0.209200,6
0.210200,8
0.211196,6
0.212200,8
0.213196,6
0.214200,8
0.215196,6
0.216196,8
0.217200,6
0.218200,8
0.219200,6
0.220200,8
0.221200,6
0.222196,8
0.223196,6
0.224196,8
0.225196,6
0.226200,8
0.227200,6
0.228200,8
0.229200,6
0.230200,8
0.231204,6
0.232200,8
0.233200,6
0.234200,8
0.238204,8
0.239200,6
0.240204,8
0.241204,6
0.242208,8
0.243208,6
0.244200,8
0.245200,6
0.246200,8
0.247204,6
0.248200,8
0.249204,6
0.250200,8
0.251204,6
0.252200,8
0.253204,6
0.254204,8
0.255204,6
0.256204,8
0.257204,6
0.258204,8
0.259204,6
0.260204,8
0.261204,6
0.262204,8
0.263204,6
0.264204,8
0.265208,6
0.266204,8
0.267204,6
0.268208,8
0.269208,6
0.270204,8
0.271204,6
0.272204,8
0.273204,6
0.274208,8
0.275204,6
0.276208,8
0.277208,6
0.278208,8
0.279204,6
0.280208,8
0.284208,8
0.285212,6
0.286216,8
0.287208,6
0.288204,8
0.289212,6
0.290212,8
0.291212,6
0.292208,8
0.293212,6
0.294208,8
0.295208,6
0.296208,8
0.297212,6
0.298208,8
0.299212,6
0.300212,8
0.301208,6
0.302212,8
0.303208,6
0.304212,8
0.305208,6
0.306208,8
0.307212,6
0.308212,8
0.309212,6
0.310212,8
0.311208,6
0.312208,8
0.313208,6
0.314212,8
0.315208,6
0.316212,8
0.317212,6
0.318212,8
0.319212,6
0.320216,8
0.321212,6
0.322212,8
0.323216,6
0.324216,8
0.325212,6
0.329212,6
0.330216,8
0.331216,6
0.332216,8
0.333216,6
0.334212,8
0.335212,6
0.336212,8
0.337212,6
0.338216,8
0.339216,6
0.340212,8
0.341216,6
0.342220,8
0.343216,6
0.344212,8
0.345216,6
0.346216,8
0.347216,6
0.348216,8
0.349216,6
0.350216,8
0.351216,6
0.352216,8
0.353220,6
0.354220,8
0.355220,6
0.356216,8
0.357220,6
0.358216,8
0.359220,6
0.360216,8
0.361220,6
0.362216,8
0.363220,6
0.364220,8
0.365216,6
0.366220,8
0.367220,6
0.368220,8
0.369220,6
0.370220,8
0.371228,6
0.375220,6
0.376220,8
0.377220,6
0.378220,8
0.379220,6
0.380220,8
0.381220,6
0.382220,8
0.383220,6
0.384224,8
0.385224,6
0.386224,8
0.387224,6
0.388224,8
0.389224,6
0.390220,8
0.391220,6
0.392224,8
0.393220,6
0.394224,8
0.395224,6
0.396224,8
0.397224,6
0.398224,8
0.399220,6
0.400224,8
0.401224,6
0.402224,8
0.403224,6
0.404224,8
0.405224,6
0.406224,8
0.407228,6
0.408224,8
0.409224,6
0.410228,8
0.411228,6
0.412224,8
0.413228,6
0.414232,8
0.415224,6
0.416228,8
0.417228,6
0.421228,6
0.422228,8
0.423224,6
0.424228,8
0.425232,6
0.426228,8
0.427228,6
0.428228,8
0.429228,6
0.430228,8
0.431232,6
0.432232,8
0.433232,6
0.434232,8
0.435228,6
0.436228,8
0.437228,6
0.438228,8
0.439228,6
0.440232,8
0.441232,6
0.442232,8
0.443232,6
0.444228,8
0.445228,6
0.446228,8
0.447228,6
0.448232,8
0.449232,6
0.450232,8
0.451232,6
0.452232,8
0.453232,6
0.454232,8
0.455232,6
0.456232,8
0.457240,6
0.458232,8
0.459232,6
0.460232,8
0.461232,6
0.462236,8
0.466236,8
0.467236,6
0.468232,8
0.469232,6
0.470232,8
0.471236,6
0.472236,8
0.473232,6
0.474236,8
0.475232,6
0.476236,8
0.477232,6
0.478232,8
0.479236,6
0.480236,8
0.481236,6
0.482236,8
0.483236,6
0.484236,8
0.485240,6
0.486236,8
0.487236,6
0.488236,8
0.489236,6
0.490236,8
0.491236,6
0.492236,8
0.493236,6
0.494236,8
0.495240,6
0.496240,8
0.497240,6
0.498240,8
0.499236,6
0.500248,8
0.501236,6
0.502240,8
0.503240,6
0.504236,8
0.505240,6
0.506236,8
0.507240,6
0.508240,8
0.512236,8
0.513240,6
0.514240,8
0.515244,6
0.516240,8
0.517240,6
0.518240,8
0.519244,6
0.520240,8
0.521244,6
0.522244,8
0.523240,6
0.524240,8
0.525244,6
0.526240,8
0.527244,6
0.528244,8
0.529240,6
0.530244,8
0.531244,6
0.532240,8
0.533240,6
0.534240,8
0.535240,6
0.536244,8
0.537240,6
0.538244,8
0.539244,6
0.540244,8
0.541244,6
0.542248,8
0.543252,6
0.544244,8
0.545244,6
0.546244,8
0.547244,6
0.548244,8
0.549244,6
0.550244,8
0.551248,6
0.552248,8
0.553248,6
0.554248,8
0.558248,8
0.559248,6
0.560244,8
0.561248,6
0.562248,8
0.563248,6
0.564248,8
0.565252,6
0.566248,8
0.567248,6
0.568252,8
0.569248,6
0.570252,8
0.571248,6
0.572248,8
0.573248,6
0.574252,8
0.575248,6
0.576248,8
0.577248,6
0.578248,8
0.579248,6
0.580252,8
0.581248,6
0.582252,8
0.583248,6
0.584252,8
0.585252,6
0.586256,8
0.587248,6
0.588248,8
0.589252,6
0.590252,8
0.591248,6
0.592252,8
0.593248,6
0.594252,8
0.595252,6
0.596252,8
0.597252,6
0.598252,8
0.599256,6
0.603252,6
0.604252,8
0.605252,6
0.606256,8
0.607256,6
0.608256,8
0.609256,6
0.610256,8
0.611252,6
0.612252,8
0.613252,6
0.614256,8
0.615252,6
0.616256,8
0.617256,6
0.618256,8
0.619256,6
0.620252,8
0.621260,6
0.622252,8
0.623256,6
0.624260,8
0.625256,6
0.626256,8
0.627256,6
0.628256,8
0.629264,6
0.630260,8
0.631260,6
0.632256,8
0.633260,6
0.634256,8
0.635256,6
0.636256,8
0.637256,6
0.638260,8
0.639256,6
0.640260,8
0.641260,6
0.642256,8
0.643260,6
0.644260,8
0.645256,6
0.649256,6
0.650260,8
0.651264,6
0.652260,8
0.653256,6
0.654260,8
0.655264,6
0.656260,8
0.657264,6
0.658260,8
0.659260,6
0.660260,8
0.661264,6
0.662264,8
0.663264,6
0.664264,8
0.665264,6
0.666260,8
0.667260,6
0.668260,8
0.669264,6
0.670260,8
0.671264,6
0.672268,8
0.673264,6
0.674260,8
0.675264,6
0.676260,8
0.677264,6
0.678268,8
0.679260,6
0.680264,8
0.681264,6
0.682264,8
0.683264,6
0.684268,8
0.685264,6
0.686264,8
0.687268,6
0.688268,8
0.689264,6
0.690264,8
0.691264,6
0.695268,6
0.696268,8
0.697268,6
0.698264,8
0.699264,6
0.700264,8
0.701264,6
0.702268,8
0.703268,6
0.704268,8
0.705268,6
0.706268,8
0.707268,6
0.708268,8
0.709268,6
0.710268,8
0.711264,6
0.712268,8
0.713268,6
0.714268,8
0.715276,6
0.716268,8
0.717272,6
0.718272,8
0.719272,6
0.720268,8
0.721272,6
0.722268,8
0.723268,6
0.724272,8
0.725268,6
0.726272,8
0.727272,6
0.728272,8
0.729272,6
0.730268,8
0.731272,6
0.732272,8
0.733268,6
0.734272,8
0.735268,6
0.736272,8
0.740276,8
0.741276,6
0.742276,8
0.743276,6
0.744272,8
0.745272,6
0.746272,8
0.747272,6
0.748276,8
0.749272,6
0.750276,8
0.751276,6
0.752272,8
0.753276,6
0.754272,8
0.755272,6
0.756276,8
0.757280,6
0.758280,8
0.759276,6
0.760276,8
0.761272,6
0.762276,8
0.763276,6
0.764276,8
0.765276,6
0.766272,8
0.767276,6
0.768276,8
0.769276,6
0.770276,8
0.771276,6
0.772276,8
0.773276,6
0.774276,8
0.775280,6
0.776276,8
0.777276,6
0.778276,8
0.779276,6
0.780280,8
0.781280,6
0.782280,8
0.786280,8
0.787280,6
0.788280,8
0.789276,6
0.790280,8
0.791280,6
0.792280,8
0.793280,6
0.794280,8
0.795280,6
0.796280,8
0.797280,6
0.798280,8
0.799280,6
0.800284,8
0.801288,6
0.802284,8
0.803280,6
0.804284,8
0.805284,6
0.806284,8
0.807280,6
0.808284,8
0.809280,6
0.810280,8
0.811284,6
0.812280,8
0.813284,6
0.814284,8
0.815284,6
0.816284,8
0.817284,6
0.818284,8
0.819280,6
0.820284,8
0.821280,6
0.822284,8
0.823284,6
0.824284,8
0.825284,6
0.826288,8
0.827284,6
0.828284,8
0.833288,6
0.834284,8
0.835288,6
0.836288,8
0.837288,6
0.838288,8
0.839288,6
0.840288,8
0.841284,6
0.842284,8
0.843292,6
0.844292,8
0.845288,6
0.846288,8
0.847288,6
0.848288,8
0.849284,6
0.850284,8
0.851288,6
0.852288,8
0.853288,6
0.854288,8
0.855288,6
0.856288,8
0.857288,6
0.858288,8
0.859292,6
0.860292,8
0.861292,6
0.862292,8
0.863288,6
0.864292,8
0.865288,6
0.866292,8
0.867288,6
0.868292,8
0.869292,6
0.870292,8
0.871292,6
0.872292,8
0.873292,6
0.874292,8
0.878292,8
0.879292,6
0.880292,8
0.881292,6
0.882292,8
0.883296,6
0.884296,8
0.885292,6
0.886300,8
0.887292,6
0.888296,8
0.889292,6
0.890292,8
0.891296,6
0.892296,8
0.893296,6
0.894296,8
0.895296,6
0.896292,8
0.897292,6
0.898296,8
0.899292,6
0.900296,8
0.901296,6
0.902296,8
0.903296,6
0.904296,8
0.905296,6
0.906296,8
0.907296,6
0.908300,8
0.909296,6
0.910296,8
0.911296,6
0.912296,8
0.913300,6
0.914300,8
0.915300,6
0.916300,8
0.917296,6
0.918296,8
0.919296,6
0.920296,8
0.924300,8
0.925300,6
0.926300,8
0.927296,6
0.928296,8
0.929304,6
0.930296,8
0.931300,6
0.932300,8
0.933300,6
0.934300,8
0.935304,6
0.936300,8
0.937300,6
0.938304,8
0.939304,6
0.940304,8
0.941300,6
0.942300,8
0.943300,6
0.944304,8
0.945300,6
0.946300,8
0.947304,6
0.948304,8
0.949304,6
0.950300,8
0.951304,6
0.952304,8
0.953304,6
0.954300,8
0.955304,6
0.956304,8
0.957304,6
0.958300,8
0.959300,6
0.960304,8
0.961304,6
0.962304,8
0.963304,6
0.964308,8
0.965304,6
0.966304,8
0.970308,8
0.971308,6
0.972312,8
0.973304,6
0.974304,8
0.975304,6
0.976308,8
0.977304,6
0.978308,8
0.979308,6
0.980308,8
0.981308,6
0.982304,8
0.983308,6
0.984308,8
0.985304,6
0.986308,8
0.987304,6
0.988308,8
0.989308,6
0.990308,8
0.991308,6
0.992308,8
0.993312,6
0.994312,8
0.995308,6
0.996312,8
0.997308,6
0.998308,8
0.999308,6
1.000312,8
1.001308,6
1.002308,8
1.003312,6
1.004312,8
1.005308,6
1.006308,8
1.007308,6
1.008308,8
1.009312,6
1.010308,8
1.011312,6
1.015316,6
1.016312,8
1.017312,6
1.018312,8
1.019312,6
1.020312,8
1.021312,6
1.022312,8
1.023316,6
1.024316,8
1.025316,6
1.026316,8
1.027316,6
1.028312,8
1.029312,6
1.030312,8
1.031312,6
1.032316,8
1.033316,6
1.034316,8
1.035316,6
1.036316,8
1.037316,6
1.038312,8
1.039316,6
1.040316,8
1.041316,6
1.042316,8
1.043316,6
1.044316,8
1.045316,6
1.046320,8
1.047316,6
1.048316,8
1.049320,6
1.050316,8
1.051316,6
1.052316,8
1.053316,6
1.054316,8
1.055320,6
1.056320,8
1.057320,6
1.061316,6
1.062316,8
1.063320,6
1.064316,8
1.065320,6
1.066320,8
1.067320,6
1.068320,8
1.069320,6
1.070316,8
1.071320,6
1.072316,8
1.073320,6
1.074320,8
1.075320,6
1.076320,8
1.077320,6
1.078320,8
1.079320,6
1.080320,8
1.081324,6
1.082320,8
1.083320,6
1.084320,8
1.085320,6
1.086324,8
1.087324,6
1.088320,8
1.089324,6
1.090320,8
1.091320,6
1.092324,8
1.093320,6
1.094324,8
1.095320,6
1.096324,8
1.097324,6
1.098324,8
1.099324,6
1.100324,8
1.101332,6
1.102324,8
1.103328,6
1.107328,6
1.108324,8
1.109328,6
1.110324,8
1.111328,6
1.112328,8
1.113324,6
1.114328,8
1.115324,6
1.116324,8
1.117324,6
1.118328,8
1.119324,6
1.120328,8
1.121328,6
1.122328,8
1.123324,6
1.124328,8
1.125328,6
1.126328,8
1.127328,6
1.128328,8
1.129328,6
1.130328,8
1.131328,6
1.132328,8
1.133332,6
1.134332,8
1.135332,6
1.136332,8
1.137328,6
1.138332,8
1.139328,6
1.140328,8
1.141332,6
1.142328,8
1.143332,6
1.144336,8
1.145328,6
1.146328,8
1.147332,6
1.148332,8
1.152332,8
1.153332,6
1.154328,8
1.155332,6
1.156332,8
1.157332,6
1.158332,8
1.159332,6
1.160332,8
1.161332,6
1.162332,8
1.163332,6
1.164336,8
1.165332,6
1.166332,8
1.167332,6
1.168332,8
1.169332,6
1.170336,8
1.171332,6
1.172332,8
1.173336,6
1.174332,8
1.175336,6
1.176336,8
1.177336,6
1.178332,8
1.179336,6
1.180336,8
1.181336,6
1.182336,8
1.183336,6
1.184336,8
1.185336,6
1.186336,8
1.187340,6
1.188336,8
1.189336,6
1.190340,8
1.191336,6
1.192340,8
1.193336,6
1.194336,8
1.198340,8
1.199340,6
1.200336,8
1.201340,6
1.202336,8
1.203340,6
1.204340,8
1.205340,6
1.206340,8
1.207340,6
1.208340,8
1.209340,6
1.210336,8
1.211344,6
1.212340,8
1.213340,6
1.214340,8
1.215340,6
1.216340,8
1.217340,6
1.218340,8
1.219340,6
1.220340,8
1.221340,6
1.222340,8
1.223340,6
1.224344,8
1.225340,6
1.226340,8
1.227340,6
1.228344,8
1.229340,6
1.230352,8
1.231344,6
1.232344,8
1.233340,6
1.234344,8
1.235344,6
1.236344,8
1.237344,6
1.238344,8
1.239344,6
1.240344,8
1.244344,8
1.245344,6
1.246344,8
1.247344,6
1.248348,8
1.249344,6
1.250344,8
1.251348,6
1.252344,8
1.253348,6
1.254348,8
1.255348,6
1.256344,8
1.257348,6
1.258344,8
1.259348,6
1.260344,8
1.261348,6
1.262344,8
1.263348,6
1.264348,8
1.265344,6
1.266348,8
1.267348,6
1.268348,8
1.269348,6
1.270348,8
1.271344,6
1.272348,8
1.273356,6
1.274348,8
1.275352,6
1.276352,8
1.277352,6
1.278352,8
1.279352,6
1.280348,8
1.281348,6
1.282348,8
1.283352,6
1.284348,8
1.285352,6
1.289352,6
1.290352,8
1.291352,6
1.292348,8
1.293352,6
1.294348,8
1.295352,6
1.296352,8
1.297356,6
1.298352,8
1.299348,6
1.300352,8
1.301356,6
1.302352,8
1.303356,6
1.304352,8
1.305352,6
1.306356,8
1.307352,6
1.308356,8
1.309356,6
1.310356,8
1.311352,6
1.312352,8
1.313352,6
1.314352,8
1.315360,6
1.316360,8
1.317352,6
1.318356,8
1.319356,6
1.320352,8
1.321356,6
1.322356,8
1.323356,6
1.324356,8
1.325356,6
1.326356,8
1.327356,6
1.328356,8
1.329356,6
1.330356,8
1.331356,6
1.335356,6
1.336356,8
1.337356,6
1.338360,8
1.339356,6
1.340360,8
1.341360,6
1.342356,8
1.343360,6
1.344356,8
1.345356,6
1.346360,8
1.347356,6
1.348360,8
1.349360,6
1.350360,8
1.351360,6
1.352356,8
1.353360,6
1.354360,8
1.355360,6
1.356360,8
1.357360,6
1.358368,8
1.359364,6
1.360360,8
1.361364,6
1.362364,8
1.363360,6
1.364360,8
1.365364,6
1.366360,8
1.367360,6
1.368360,8
1.369360,6
1.370364,8
1.371360,6
1.372364,8
1.373364,6
1.374364,8
1.375360,6
1.376364,8
1.377364,6
1.381364,6
1.382364,8
1.383368,6
1.384364,8
1.385364,6
1.386364,8
1.387364,6
1.388364,8
1.389368,6
1.390364,8
1.391364,6
1.392364,8
1.393364,6
1.394368,8
1.395368,6
1.396368,8
1.397368,6
1.398368,8
1.399364,6
1.400364,8
1.401376,6
1.402372,8
1.403368,6
1.404368,8
1.405368,6
1.406368,8
1.407368,6
1.408364,8
1.409364,6
1.410368,8
1.411372,6
1.412368,8
1.413372,6
1.414368,8
1.415368,6
1.416368,8
1.417372,6
1.418372,8
1.419372,6
1.420372,8
1.421368,6
1.422372,8
1.426372,8
1.427372,6
1.428372,8
1.429372,6
1.430368,8
1.431372,6
1.432372,8
1.433372,6
1.434372,8
1.435372,6
1.436372,8
1.437372,6
1.438372,8
1.439372,6
1.440372,8
1.441372,6
1.442376,8
1.443376,6
1.444380,8
1.445372,6
1.446372,8
1.447376,6
1.448372,8
1.449376,6
1.450372,8
1.451376,6
1.452372,8
1.453376,6
1.454372,8
1.455372,6
1.456372,8
1.457372,6
1.458376,8
1.459376,6
1.460376,8
1.461376,6
1.462376,8
1.463372,6
1.464372,8
1.465372,6
1.466376,8
1.467372,6
1.468376,8
1.472380,8
1.473380,6
1.474380,8
1.475380,6
1.476376,8
1.477376,6
1.478380,8
1.479380,6
1.480376,8
1.481380,6
1.482380,8
1.483380,6
1.484380,8
1.485380,6
1.486376,8
1.487388,6
1.488380,8
1.489376,6
1.490380,8
1.491376,6
1.492380,8
1.493380,6
1.494376,8
1.495384,6
1.496380,8
1.497380,6
1.498384,8
1.499380,6
1.500380,8
1.501380,6
1.502380,8
1.503380,6
1.504380,8
1.505380,6
1.506380,8
1.507384,6
1.508380,8
1.509384,6
1.510380,8
1.511380,6
1.512384,8
1.513384,6
1.514384,8
1.518384,8
1.519388,6
1.520384,8
1.521384,6
1.522384,8
1.523384,6
1.524384,8
1.525384,6
1.526384,8
1.527388,6
1.528384,8
1.529384,6
1.530392,8
1.531384,6
1.532384,8
1.533384,6
1.534384,8
1.535384,6
1.536388,8
1.537388,6
1.538384,8
1.539384,6
1.540388,8
1.541384,6
1.542384,8
1.543384,6
1.544388,8
1.545384,6
1.546388,8
1.547388,6
1.548388,8
1.549388,6
1.550388,8
1.551388,6
1.552388,8
1.553388,6
1.554388,8
1.555392,6
1.556388,8
1.557388,6
1.558388,8
1.559392,6
1.563392,6
1.564388,8
1.565388,6
1.566388,8
1.567388,6
1.568392,8
1.569388,6
1.570392,8
1.571392,6
1.572388,8
1.573400,6
1.574388,8
1.575388,6
1.576392,8
1.577396,6
1.578392,8
1.579392,6
1.580392,8
1.581392,6
1.582392,8
1.583392,6
1.584392,8
1.585392,6
1.586392,8
1.587396,6
1.588392,8
1.589392,6
1.590392,8
1.591396,6
1.592396,8
1.593392,6
1.594392,8
1.595396,6
1.596392,8
1.597396,6
1.598396,8
1.599392,6
1.600392,8
1.601396,6
1.602396,8
1.603396,6
1.604400,8
1.605396,6
1.609396,6
1.610396,8
1.611396,6
1.612396,8
1.613396,6
1.614396,8
1.615396,6
1.616404,8
1.617400,6
1.618396,8
1.619400,6
1.620396,8
1.621400,6
1.622400,8
1.623396,6
1.624400,8
1.625400,6
1.626400,8
1.627400,6
1.628400,8
1.629400,6
1.630400,8
1.631400,6
1.632400,8
1.633400,6
1.634396,8
1.635400,6
1.636400,8
1.637400,6
1.638400,8
1.639404,6
1.640404,8
1.641400,6
1.642400,8
1.643400,6
1.644404,8
1.645400,6
1.646404,8
1.647400,6
1.648404,8
1.649400,6
1.650400,8
1.651404,6
1.655404,6
1.656404,8
1.657404,6
1.658404,8
1.659412,6
1.660400,8
1.661400,6
1.662404,8
1.663400,6
1.664404,8
1.665404,6
1.666404,8
1.667404,6
1.668404,8
1.669408,6
1.670404,8
1.671404,6
1.672408,8
1.673404,6
1.674408,8
1.675404,6
1.676404,8
1.677408,6
1.678404,8
1.679408,6
1.680408,8
1.681408,6
1.682404,8
1.683408,6
1.684404,8
1.685408,6
1.686404,8
1.687408,6
1.688404,8
1.689408,6
1.690408,8
1.691412,6
1.692408,8
1.693408,6
1.694408,8
1.695408,6
1.696412,8
1.700412,8
1.701408,6
1.702416,8
1.703408,6
1.704412,8
1.705408,6
1.706412,8
1.707408,6
1.708412,8
1.709408,6
1.710412,8
1.711408,6
1.712412,8
1.713408,6
1.714412,8
1.715408,6
1.716408,8
1.717412,6
1.718412,8
1.719412,6
1.720412,8
1.721412,6
1.722412,8
1.723416,6
1.724412,8
1.725412,6
1.726412,8
1.727412,6
1.728412,8
1.729416,6
1.730412,8
1.731412,6
1.732416,8
1.733412,6
1.734416,8
1.735416,6
1.736416,8
1.737416,6
1.738412,8
1.739412,6
1.740416,8
1.741412,6
1.742416,8
1.746416,8
1.747416,6
1.748420,8
1.749416,6
1.750416,8
1.751416,6
1.752416,8
1.753416,6
1.754416,8
1.755416,6
1.756416,8
1.757416,6
1.758416,8
1.759416,6
1.760420,8
1.761416,6
1.762416,8
1.763416,6
1.764420,8
1.765416,6
1.766420,8
1.767420,6
1.768420,8
1.769416,6
1.770420,8
1.771420,6
1.772420,8
1.773420,6
1.774420,8
1.775420,6
1.776420,8
1.777420,6
1.778424,8
1.779420,6
1.780424,8
1.781420,6
1.782424,8
1.783420,6
1.784420,8
1.785424,6
1.786420,8
1.787424,6
1.788428,8
1.792420,8
1.793420,6
1.794420,8
1.795420,6
1.796424,8
1.797420,6
1.798424,8
1.799424,6
1.800424,8
1.801424,6
1.802428,8
1.803424,6
1.804424,8
1.805428,6
1.806424,8
1.807424,6
1.808424,8
1.809424,6
1.810424,8
1.811428,6
1.812424,8
1.813424,6
1.814428,8
1.815428,6
1.816424,8
1.817424,6
1.818424,8
1.819428,6
1.820424,8
1.821428,6
1.822428,8
1.823428,6
1.824428,8
1.825428,6
1.826428,8
1.827428,6
1.828428,8
1.829428,6
1.830428,8
1.831432,6
1.832428,8
1.833432,6
1.837428,6
1.838432,8
1.839428,6
1.840428,8
1.841428,6
1.842428,8
1.843432,6
1.844432,8
1.845432,6
1.846432,8
1.847432,6
1.848428,8
1.849428,6
1.850428,8
1.851428,6
1.852432,8
1.853432,6
1.854432,8
1.855432,6
1.856432,8
1.857428,6
1.858436,8
1.859436,6
1.860436,8
1.861432,6
1.862428,8
1.863432,6
1.864432,8
1.865436,6
1.866432,8
1.867436,6
1.868436,8
1.869436,6
1.870432,8
1.871436,6
1.872432,8
1.873440,6
1.874440,8
1.875436,6
1.876436,8
1.877436,6
1.878436,8
1.879436,6
1.883436,6
1.884436,8
1.885436,6
1.886436,8
1.887436,6
1.888436,8
1.889436,6
1.890440,8
1.891436,6
1.892436,8
1.893436,6
1.894436,8
1.895436,6
1.896436,8
1.897436,6
1.898440,8
1.899436,6
1.900436,8
1.901440,6
1.902440,8
1.903436,6
1.904436,8
1.905436,6
1.906440,8
1.907436,6
1.908440,8
1.909440,6
1.910440,8
1.911440,6
1.912440,8
1.913436,6
1.914440,8
1.915440,6
1.916448,8
1.917444,6
1.918440,8
1.919444,6
1.920440,8
1.921440,6
1.922440,8
1.923440,6
1.924444,8
1.925440,6
1.929440,6
1.930444,8
1.931444,6
1.932444,8
1.933444,6
1.934444,8
1.935440,6
1.936440,8
1.937444,6
1.938440,8
1.939444,6
1.940444,8
1.941444,6
1.942444,8
1.943444,6
1.944444,8
1.945444,6
1.946444,8
1.947444,6
1.948444,8
1.949448,6
1.950444,8
1.951444,6
1.952444,8
1.953448,6
1.954448,8
1.955448,6
1.956448,8
1.957448,6
1.958444,8
1.959448,6
1.960448,8
1.961444,6
1.962448,8
1.963444,6
1.964448,8
1.965448,6
1.966448,8
1.967448,6
1.968448,8
1.969444,6
1.970448,8
1.974448,8
1.975448,6
1.976452,8
1.977448,6
1.978448,8
1.979452,6
1.980452,8
1.981448,6
1.982448,8
1.983448,6
1.984448,8
1.985452,6
1.986448,8
1.987452,6
1.988452,8
1.989448,6
1.990452,8
1.991448,6
1.992448,8
1.993452,6
1.994448,8
1.995452,6
1.996452,8
1.997452,6
1.998452,8
1.999456,6
2.000452,8
2.001452,6
2.002460,8
2.003452,6
2.004452,8
2.005456,6
2.006452,8
2.007452,6
2.008456,8
2.009452,6
2.010456,8
2.011456,6
2.012456,8
2.013452,6
2.014452,8
2.015452,6
2.016452,8
2.020456,8
2.021456,6
2.022456,8
2.023456,6
2.024456,8
2.025456,6
2.026456,8
2.027456,6
2.028456,8
2.029456,6
2.030456,8
2.031460,6
2.032456,8
2.033456,6
2.034456,8
2.035456,6
2.036460,8
2.037456,6
2.038456,8
2.039456,6
2.040460,8
2.041460,6
2.042456,8
2.043460,6
2.044456,8
2.045468,6
2.046460,8
2.047460,6
2.048456,8
2.049456,6
2.050460,8
2.051460,6
2.052460,8
2.053460,6
2.054456,8
2.055464,6
2.056460,8
2.057460,6
2.058460,8
2.059460,6
2.060460,8
2.061460,6
2.062460,8
2.066464,8
2.067464,6
2.068464,8
2.069460,6
2.070460,8
2.071460,6
2.072464,8
2.073460,6
2.074464,8
2.075464,6
2.076464,8
2.077464,6
2.078460,8
2.079464,6
2.080464,8
2.081464,6
2.082464,8
2.083464,6
2.084464,8
2.085464,6
2.086464,8
2.087464,6
2.088472,8
2.089464,6
2.090464,8
2.091468,6
2.092464,8
2.093464,6
2.094464,8
2.095464,6
2.096468,8
2.097464,6
2.098464,8
2.099468,6
2.100468,8
2.101464,6
2.102468,8
2.103464,6
2.104468,8
2.105464,6
2.106468,8
2.107468,6
2.111468,6
2.112464,8
2.113468,6
2.114468,8
2.115468,6
2.116468,8
2.117468,6
2.118468,8
2.119472,6
2.120472,8
2.121472,6
2.122468,8
2.123468,6
2.124468,8
2.125468,6
2.126468,8
2.127472,6
2.128468,8
2.129472,6
2.130472,8
2.131480,6
2.132468,8
2.133468,6
2.134468,8
2.135472,6
2.136468,8
2.137472,6
2.138472,8
2.139472,6
2.140472,8
2.141476,6
2.142472,8
2.143472,6
2.144476,8
2.145472,6
2.146476,8
2.147472,6
2.148472,8
2.149472,6
2.150476,8
2.151472,6
2.152472,8
2.153476,6
2.157472,6
2.158476,8
2.159472,6
2.160476,8
2.161476,6
2.162476,8
2.163476,6
2.164476,8
2.165476,6
2.166476,8
2.167476,6
2.168472,8
2.169476,6
2.170476,8
2.171476,6
2.172476,8
2.173480,6
2.174484,8
2.175480,6
2.176480,8
2.177476,6
2.178480,8
2.179476,6
2.180476,8
2.181480,6
2.182476,8
2.183480,6
2.184480,8
2.185480,6
2.186476,8
2.187480,6
2.188480,8
2.189476,6
2.190476,8
2.191480,6
2.192480,8
2.193480,6
2.194480,8
2.195480,6
2.196480,8
2.197480,6
2.198480,8
2.199480,6
2.203480,6
2.204484,8
2.205480,6
2.206484,8
2.207484,6
2.208484,8
2.209480,6
2.210484,8
2.211480,6
2.212484,8
2.213480,6
2.214484,8
2.215484,6
2.216484,8
2.217488,6
2.218484,8
2.219480,6
2.220488,8
2.221484,6
2.222484,8
2.223484,6
2.224480,8
2.225484,6
2.226484,8
2.227488,6
2.228484,8
2.229488,6
2.230488,8
2.231488,6
2.232484,8
2.233488,6
2.234484,8
2.235484,6
2.236484,8
2.237488,6
2.238484,8
2.239488,6
2.240488,8
2.241484,6
2.242488,8
2.243484,6
2.244488,8
2.248488,8
2.249488,6
2.250488,8
2.251492,6
2.252488,8
2.253488,6
2.254492,8
2.255492,6
2.256488,8
2.257488,6
2.258488,8
2.259488,6
2.260496,8
2.261488,6
2.262488,8
2.263492,6
2.264492,8
2.265488,6
2.266492,8
2.267488,6
2.268492,8
2.269488,6
2.270492,8
2.271492,6
2.272492,8
2.273492,6
2.274492,8
2.275492,6
2.276492,8
2.277492,6
2.278488,8
2.279492,6
2.280492,8
2.281492,6
2.282492,8
2.283496,6
2.284492,8
2.285492,6
2.286492,8
2.287492,6
2.288492,8
2.289492,6
2.290492,8
2.294496,8
2.295496,6
2.296496,8
2.297496,6
2.298492,8
2.299492,6
2.300496,8
2.301492,6
2.302496,8
2.303500,6
2.304492,8
2.305496,6
2.306492,8
2.307492,6
2.308492,8
2.309496,6
2.310500,8
2.311496,6
2.312496,8
2.313496,6
2.314496,8
2.315500,6
2.316500,8
2.317500,6
2.318496,8
2.319500,6
2.320496,8
2.321496,6
2.322496,8
2.323500,6
2.324500,8
2.325496,6
2.326500,8
2.327496,6
2.328500,8
2.329496,6
2.330496,8
2.331496,6
2.332500,8
2.333500,6
2.334500,8
2.335500,6
2.336500,8
2.340500,8
2.341504,6
2.342500,8
2.343500,6
2.344500,8
2.345500,6
2.346508,8
2.347504,6
2.348504,8
2.349504,6
2.350504,8
2.351504,6
2.352500,8
2.353500,6
2.354504,8
2.355500,6
2.356504,8
2.357504,6
2.358504,8
2.359504,6
2.360504,8
2.361500,6
2.362500,8
2.363504,6
2.364500,8
2.365504,6
2.366504,8
2.367504,6
2.368504,8
2.369504,6
2.370504,8
2.371508,6
2.372508,8
2.373508,6
2.374504,8
2.375508,6
2.376504,8
2.377504,6
2.378504,8
2.379508,6
2.380508,8
2.381508,6
2.385508,6
2.386508,8
2.387508,6
2.388508,8
2.389512,6
2.390508,8
2.391508,6
2.392508,8
2.393504,6
2.394504,8
2.395508,6
2.396508,8
2.397508,6
2.398508,8
2.399508,6
2.400508,8
2.401508,6
2.402508,8
2.403508,6
2.404508,8
2.405508,6
2.406512,8
2.407508,6
2.408508,8
2.409508,6
2.410508,8
2.411512,6
2.412512,8
2.413512,6
2.414512,8
2.415512,6
2.416508,8
2.417512,6
2.418512,8
2.419508,6
2.420512,8
2.421512,6
2.422512,8
2.423512,6
2.424512,8
2.425516,6
2.426512,8
2.427512,6
2.431520,6
2.432520,8
2.433516,6
2.434512,8
2.435516,6
2.436516,8
2.437516,6
2.438512,8
2.439516,6
2.440512,8
2.441516,6
2.442516,8
2.443516,6
2.444516,8
2.445516,6
2.446516,8
2.447516,6
2.448516,8
2.449516,6
2.450516,8
2.451516,6
2.452516,8
2.453520,6
2.454516,8
2.455516,6
2.456516,8
2.457520,6
2.458516,8
2.459516,6
2.460520,8
2.461520,6
2.462516,8
2.463516,6
2.464516,8
2.465520,6
2.466516,8
2.467520,6
2.468520,8
2.469520,6
2.470516,8
2.471520,6
2.472520,8
2.473516,6
2.477520,6
2.478520,8
2.479520,6
2.480524,8
2.481520,6
2.482520,8
2.483524,6
2.484520,8
2.485524,6
2.486520,8
2.487520,6
2.488524,8
2.489520,6
2.490524,8
2.491524,6
2.492524,8
2.493524,6
2.494520,8
2.495520,6
2.496520,8
2.497524,6
2.498520,8
2.499524,6
2.500524,8
2.501524,6
2.502524,8
2.503520,6
2.504520,8
2.505524,6
2.506528,8
2.507524,6
2.508528,8
2.509524,6
2.510524,8
2.511524,6
2.512528,8
2.513528,6
2.514528,8
2.515528,6
2.516528,8
2.517536,6
2.518524,8
2.522528,8
2.523528,6
2.524528,8
2.525528,6
2.526528,8
2.527528,6
2.528528,8
2.529528,6
2.530524,8
2.531528,6
2.532528,8
2.533528,6
2.534528,8
2.535532,6
2.536532,8
2.537532,6
2.538532,8
2.539532,6
2.540528,8
2.541528,6
2.542528,8
2.543528,6
2.544532,8
2.545528,6
2.546532,8
2.547532,6
2.548528,8
2.549532,6
2.550528,8
2.551532,6
2.552528,8
2.553528,6
2.554532,8
2.555532,6
2.556532,8
2.557532,6
2.558528,8
2.559536,6
2.560540,8
2.561532,6
2.562528,8
2.563532,6
2.564532,8
2.568532,8
2.569532,6
2.570536,8
2.571536,6
2.572532,8
2.573532,6
2.574532,8
2.575532,6
2.576532,8
2.577536,6
2.578536,8
2.579536,6
2.580536,8
2.581532,6
2.582532,8
2.583532,6
2.584532,8
2.585536,6
2.586536,8
2.587536,6
2.588536,8
2.589536,6
2.590536,8
2.591540,6
2.592540,8
2.593540,6
2.594536,8
2.595540,6
2.596536,8
2.597536,6
2.598536,8
2.599540,6
2.600540,8
2.601540,6
2.602540,8
2.603544,6
2.604540,8
2.605536,6
2.606536,8
2.607536,6
2.608540,8
2.609536,6
2.610540,8
2.614536,8
2.615536,6
2.616540,8
2.617536,6
2.618540,8
2.619540,6
2.620540,8
2.621544,6
2.622540,8
2.623540,6
2.624544,8
2.625544,6
2.626544,8
2.627540,6
2.628540,8
2.629540,6
2.630540,8
2.631544,6
2.632544,8
2.633544,6
2.634544,8
2.635544,6
2.636540,8
2.637540,6
2.638540,8
2.639544,6
2.640540,8
2.641544,6
2.642544,8
2.643544,6
2.644544,8
2.645540,6
2.646548,8
2.647548,6
2.648548,8
2.649544,6
2.650548,8
2.651544,6
2.652544,8
2.653544,6
2.654548,8
2.655544,6
2.659548,6
2.660548,8
2.661548,6
2.662544,8
2.663544,6
2.664548,8
2.665548,6
2.666548,8
2.667548,6
2.668548,8
2.669548,6
2.670548,8
2.671548,6
2.672552,8
2.673548,6
2.674548,8
2.675548,6
2.676548,8
2.677548,6
2.678552,8
2.679552,6
2.680552,8
2.681552,6
2.682548,8
2.683548,6
2.684548,8
2.685548,6
2.686548,8
2.687552,6
2.688552,8
2.689556,6
2.690548,8
2.691552,6
2.692548,8
2.693552,6
2.694552,8
2.695552,6
2.696552,8
2.697552,6
2.698552,8
2.699552,6
2.700552,8
2.701548,6
2.705552,6
2.706552,8
2.707552,6
2.708556,8
2.709552,6
2.710556,8
2.711556,6
2.712556,8
2.713556,6
2.714552,8
2.715552,6
2.716552,8
2.717552,6
2.718556,8
2.719552,6
2.720556,8
2.721556,6
2.722552,8
2.723556,6
2.724552,8
2.725556,6
2.726556,8
2.727556,6
2.728556,8
2.729556,6
2.730556,8
2.731556,6
2.732564,8
2.733560,6
2.734556,8
2.735556,6
2.736556,8
2.737560,6
2.738556,8
2.739556,6
2.740556,8
2.741556,6
2.742560,8
2.743560,6
2.744556,8
2.745560,6
2.746556,8
2.747560,6
2.751556,6
2.752560,8
2.753560,6
2.754560,8
2.755560,6
2.756560,8
2.757560,6
2.758560,8
2.759560,6
2.760560,8
2.761560,6
2.762560,8
2.763564,6
2.764560,8
2.765560,6
2.766560,8
2.767560,6
2.768564,8
2.769560,6
2.770564,8
2.771560,6
2.772564,8
2.773560,6
2.774564,8
2.775568,6
2.776564,8
2.777560,6
2.778560,8
2.779560,6
2.780560,8
2.781560,6
2.782564,8
2.783564,6
2.784564,8
2.785564,6
2.786564,8
2.787564,6
2.788568,8
2.789564,6
2.790564,8
2.791564,6
2.792568,8
2.796564,8
2.797568,6
2.798568,8
2.799568,6
2.800568,8
2.801568,6
2.802564,8
2.803564,6
2.804568,8
2.805564,6
2.806568,8
2.807568,6
2.808568,8
2.809568,6
2.810568,8
2.811564,6
2.812568,8
2.813568,6
2.814568,8
2.815568,6
2.816568,8
2.817568,6
2.818572,8
2.819572,6
2.820568,8
2.821568,6
2.822572,8
2.823572,6
2.824568,8
2.825568,6
2.826568,8
2.827568,6
2.828568,8
2.829572,6
2.830572,8
2.831572,6
2.832572,8
2.833568,6
2.834568,8
2.835568,6
2.836568,8
2.837572,6
2.838568,8
2.842572,8
2.843572,6
2.844572,8
2.845572,6
2.846572,8
2.847572,6
2.848572,8
2.849572,6
2.850572,8
2.851572,6
2.852576,8
2.853576,6
2.854576,8
2.855576,6
2.856572,8
2.857572,6
2.858572,8
2.859572,6
2.860576,8
2.861580,6
2.862576,8
2.863576,6
2.864576,8
2.865576,6
2.866576,8
2.867576,6
2.868576,8
2.869576,6
2.870576,8
2.871576,6
2.872576,8
2.873576,6
2.874572,8
2.875580,6
2.876580,8
2.877580,6
2.878576,8
2.879580,6
2.880576,8
2.881576,6
2.882576,8
2.883580,6
2.884580,8
2.888580,8
2.889576,6
2.890576,8
2.891576,6
2.892580,8
2.893580,6
2.894580,8
2.895580,6
2.896580,8
2.897584,6
2.898580,8
2.899580,6
2.900580,8
2.901580,6
2.902580,8
2.903580,6
2.904584,8
2.905584,6
2.906580,8
2.907580,6
2.908584,8
2.909584,6
2.910584,8
2.911580,6
2.912584,8
2.913580,6
2.914584,8
2.915580,6
2.916584,8
2.917584,6
2.918584,8
2.919584,6
2.920584,8
2.921584,6
2.922584,8
2.923584,6
2.924580,8
2.925584,6
2.926584,8
2.927584,6
2.928584,8
2.929584,6
2.943588,6
2.944588,8
2.945588,6
2.946588,8
2.947592,6
2.948588,8
2.949588,6
2.950588,8
2.951584,6
2.952592,8
2.953588,6
2.954588,8
2.955592,6
2.956588,8
2.957592,6
2.958588,8
2.959588,6
2.960588,8
2.961592,6
2.962592,8
2.963592,6
2.964592,8
2.965592,6
2.966588,8
2.967588,6
2.968588,8
2.969588,6
2.970592,8
2.971592,6
2.972592,8
2.973592,6
2.974592,8
2.975588,6
2.976588,8
2.977588,6
2.978592,8
2.979588,6
2.980592,8
2.981592,6
2.982592,8
2.983592,6
2.984596,8
2.985592,6
3.000596,8
3.001596,6
3.002592,8
3.003596,6
3.004596,8
3.005596,6
3.006596,8
3.007592,6
3.008592,8
3.009592,6
3.010596,8
3.011600,6
3.012596,8
3.013596,6
3.014596,8
3.015596,6
3.016596,8
3.017596,6
3.018596,8
3.019596,6
3.020600,8
3.021596,6
3.022596,8
3.023596,6
3.024596,8
3.025600,6
3.026600,8
3.027600,6
3.028600,8
3.029596,6
3.030596,8
3.031596,6
3.032608,8
3.033604,6
3.034600,8
3.035600,6
3.036600,8
3.037604,6
3.038600,8
3.039596,6
3.040604,8
3.041604,6
3.042600,8
3.046600,8
3.047600,6
3.048604,8
3.049600,6
3.050600,8
3.051604,6
3.052600,8
3.053600,6
3.054600,8
3.055600,6
3.056604,8
3.057600,6
3.058604,8
3.059604,6
3.060604,8
3.061604,6
3.062604,8
3.063604,6
3.064604,8
3.065604,6
3.066604,8
3.067604,6
3.068604,8
3.069604,6
3.070604,8
3.071608,6
3.072604,8
3.073604,6
3.074608,8
3.075612,6
3.076604,8
3.077604,6
3.078604,8
3.079608,6
3.080604,8
3.081608,6
3.082608,8
3.083608,6
3.084608,8
3.085604,6
3.086604,8
3.087604,6
3.091608,6
3.092608,8
3.093612,6
3.094608,8
3.095604,6
3.096608,8
3.097608,6
3.098608,8
3.099608,6
3.100608,8
3.101608,6
3.102608,8
3.103608,6
3.104608,8
3.105608,6
3.106608,8
3.107612,6
3.108608,8
3.109608,6
3.110608,8
3.111608,6
3.112612,8
3.113612,6
3.114612,8
3.115612,6
3.116612,8
3.117608,6
3.118620,8
3.119612,6
3.120616,8
3.121612,6
3.122608,8
3.123612,6
3.124612,8
3.125616,6
3.126612,8
3.127616,6
3.128616,8
3.129616,6
3.130612,8
3.131616,6
3.132612,8
3.133612,6
3.137616,6
3.138616,8
3.139616,6
3.140612,8
3.141612,6
3.142612,8
3.143616,6
3.144612,8
3.145616,6
3.146616,8
3.147616,6
3.148616,8
3.149612,6
3.150620,8
3.151612,6
3.152616,8
3.153620,6
3.154616,8
3.155616,6
3.156616,8
3.157616,6
3.158616,8
3.159616,6
3.160616,8
3.161620,6
3.162616,8
3.163616,6
3.164616,8
3.165616,6
3.166616,8
3.167620,6
3.168620,8
3.169620,6
3.170620,8
3.171620,6
3.172616,8
3.173616,6
3.174616,8
3.175620,6
3.176616,8
3.177620,6
3.178620,8
3.179620,6
3.183624,6
3.184624,8
3.185624,6
3.186620,8
3.187620,6
3.188620,8
3.189624,6
3.190620,8
3.191624,6
3.192624,8
3.193624,6
3.194620,8
3.195620,6
3.196624,8
3.197624,6
3.198624,8
3.199624,6
3.200624,8
3.201624,6
3.202624,8
3.203624,6
3.204632,8
3.205620,6
3.206624,8
3.207624,6
3.208624,8
3.209624,6
3.210624,8
3.211624,6
3.212624,8
3.213628,6
3.214628,8
3.215624,6
3.216624,8
3.217628,6
3.218624,8
3.219624,6
3.220624,8
3.221624,6
3.222628,8
3.223628,6
3.224628,8
3.228628,8
3.229628,6
3.230628,8
3.231628,6
3.232628,8
3.233628,6
3.234628,8
3.235628,6
3.236632,8
3.237628,6
3.238628,8
3.239632,6
3.240628,8
3.241632,6
3.242628,8
3.243628,6
3.244628,8
3.245632,6
3.246628,8
3.247636,6
3.248628,8
3.249628,6
3.250632,8
3.251628,6
3.252628,8
3.253628,6
3.254632,8
3.255632,6
3.256632,8
3.257632,6
3.258632,8
3.259632,6
3.260632,8
3.261632,6
3.262632,8
3.263632,6
3.264636,8
3.265632,6
3.266632,8
3.267632,6
3.268632,8
3.269632,6
3.270632,8
3.274636,8
3.275632,6
3.276632,8
3.277636,6
3.278632,8
3.279636,6
3.280636,8
3.281632,6
3.282636,8
3.283632,6
3.284632,8
3.285636,6
3.286632,8
3.287636,6
3.288636,8
3.289636,6
3.290640,8
3.291636,6
3.292636,8
3.293636,6
3.294636,8
3.295636,6
3.296636,8
3.297636,6
3.298636,8
3.299636,6
3.300636,8
3.301640,6
3.302640,8
3.303640,6
3.304636,8
3.305636,6
3.306636,8
3.307636,6
3.308636,8
3.309640,6
3.310640,8
3.311640,6
3.312640,8
3.313640,6
3.314636,8
3.315636,6
3.316640,8
3.320636,8
3.321640,6
3.322644,8
3.323640,6
3.324640,8
3.325640,6
3.326640,8
3.327640,6
3.328644,8
3.329640,6
3.330640,8
3.331644,6
3.332640,8
3.333648,6
3.334640,8
3.335644,6
3.336644,8
3.337640,6
3.338644,8
3.339644,6
3.340640,8
3.341644,6
3.342640,8
3.343644,6
3.344644,8
3.345648,6
3.346644,8
3.347640,6
3.348640,8
3.349644,6
3.350640,8
3.351644,6
3.352644,8
3.353644,6
3.354644,8
3.355648,6
3.356644,8
3.357644,6
3.358648,8
3.359648,6
3.360648,8
3.361644,6
3.365644,6
3.366648,8
3.367648,6
3.368648,8
3.369648,6
3.370648,8
3.371648,6
3.372648,8
3.373644,6
3.374648,8
3.375648,6
3.376652,8
3.377648,6
3.378652,8
3.379648,6
3.380648,8
3.381652,6
3.382652,8
3.383648,6
3.384648,8
3.385648,6
3.386648,8
3.387648,6
3.388652,8
3.389652,6
3.390652,8
3.391652,6
3.392648,8
3.393652,6
3.394652,8
3.395648,6
3.396648,8
3.397652,6
3.398652,8
3.399652,6
3.400652,8
3.401652,6
3.402652,8
3.403652,6
3.404652,8
3.405652,6
3.406652,8
3.407648,6
3.411652,6
3.412656,8
3.413656,6
3.414656,8
3.415652,6
3.416652,8
3.417652,6
3.418652,8
3.419660,6
3.420656,8
3.421656,6
3.422656,8
3.423656,6
3.424652,8
3.425652,6
3.426652,8
3.427656,6
3.428656,8
3.429656,6
3.430656,8
3.431656,6
3.432656,8
3.433656,6
3.434656,8
3.435660,6
3.436656,8
3.437660,6
3.438656,8
3.439656,6
3.440656,8
3.441656,6
3.442656,8
3.443660,6
3.444660,8
3.445656,6
3.446660,8
3.447656,6
3.448660,8
3.449660,6
3.450656,8
3.451656,6
3.452660,8
3.453660,6
3.457660,6
3.458656,8
3.459660,6
3.460660,8
3.461660,6
3.462668,8
3.463660,6
3.464664,8
3.465660,6
3.466664,8
3.467664,6
3.468664,8
3.469664,6
3.470660,8
3.471660,6
3.472660,8
3.473660,6
3.474664,8
3.475664,6
3.476664,8
3.477664,6
3.478664,8
3.479660,6
3.480664,8
3.481664,6
3.482664,8
3.483664,6
3.484664,8
3.485664,6
3.486664,8
3.487664,6
3.488664,8
3.489660,6
3.490664,8
3.491664,6
3.492664,8
3.493664,6
3.494664,8
3.495664,6
3.496664,8
3.497664,6
3.498668,8
3.502664,8
3.503664,6
3.504668,8
3.505672,6
3.506668,8
3.507668,6
3.508668,8
3.509668,6
3.510668,8
3.511668,6
3.512664,8
3.513668,6
3.514668,8
3.515668,6
3.516668,8
3.517668,6
3.518668,8
3.519668,6
3.520668,8
3.521672,6
3.522672,8
3.523672,6
3.524668,8
3.525672,6
3.526668,8
3.527668,6
3.528668,8
3.529672,6
3.530668,8
3.531672,6
3.532672,8
3.533668,6
3.534672,8
3.535668,6
3.536668,8
3.537672,6
3.538668,8
3.539672,6
3.540672,8
3.541672,6
3.542672,8
3.543672,6
3.544672,8
3.548676,8
3.549672,6
3.550672,8
3.551676,6
3.552672,8
3.553676,6
3.554676,8
3.555676,6
3.556676,8
3.557672,6
3.558676,8
3.559672,6
3.560676,8
3.561672,6
3.562676,8
3.563676,6
3.564676,8
3.565676,6
3.566676,8
3.567672,6
3.568672,8
3.569676,6
3.570680,8
3.571676,6
3.572676,8
3.573676,6
3.574676,8
3.575676,6
3.576680,8
3.577676,6
3.578676,8
3.579676,6
3.580680,8
3.581676,6
3.582676,8
3.583680,6
3.584676,8
3.585680,6
3.586680,8
3.587680,6
3.588680,8
3.589676,6
3.590688,8
3.594676,8
3.595680,6
3.596680,8
3.597680,6
3.598676,8
3.599676,6
3.600676,8
3.601680,6
3.602684,8
3.603680,6
3.604680,8
3.605680,6
3.606680,8
3.607684,6
3.608680,8
3.609680,6
3.610684,8
3.611684,6
3.612680,8
3.613680,6
3.614680,8
3.615684,6
3.616680,8
3.617684,6
3.618684,8
3.619684,6
3.620684,8
3.621680,6
3.622680,8
3.623680,6
3.624684,8
3.625680,6
3.626684,8
3.627684,6
3.628684,8
3.629684,6
3.630688,8
3.631684,6
3.632684,8
3.633692,6
3.634684,8
3.635684,6
3.639688,6
3.640688,8
3.641688,6
3.642688,8
3.643688,6
3.644688,8
3.645684,6
3.646684,8
3.647688,6
3.648684,8
3.649688,6
3.650684,8
3.651688,6
3.652688,8
3.653684,6
3.654684,8
3.655684,6
3.656688,8
3.657692,6
3.658688,8
3.659684,6
3.660688,8
3.661692,6
3.662688,8
3.663692,6
3.664692,8
3.665692,6
3.666692,8
3.667688,6
3.668692,8
3.669688,6
3.670692,8
3.671688,6
3.672692,8
3.673688,6
3.674692,8
3.675688,6
3.676696,8
3.677692,6
3.678692,8
3.679692,6
3.680688,8
3.681692,6
3.685692,6
3.686692,8
3.687692,6
3.688696,8
3.689696,6
3.690692,8
3.691692,6
3.692692,8
3.693692,6
3.694692,8
3.695696,6
3.696696,8
3.697696,6
3.698696,8
3.699696,6
3.700692,8
3.701692,6
3.702692,8
3.703696,6
3.704696,8
3.705696,6
3.706696,8
3.707696,6
3.708696,8
3.709692,6
3.710692,8
3.711696,6
3.712696,8
3.713696,6
3.714696,8
3.715696,6
3.716696,8
3.717700,6
3.718696,8
3.719704,6
3.720696,8
3.721696,6
3.722700,8
3.723700,6
3.724696,8
3.725696,6
3.726696,8
3.727700,6
3.731700,6
3.732700,8
3.733700,6
3.734700,8
3.735700,6
3.736700,8
3.737700,6
3.738700,8
3.739700,6
3.740700,8
3.741700,6
3.742700,8
3.743700,6
3.744704,8
3.745700,6
3.746700,8
3.747700,6
3.748704,8
3.749700,6
3.750704,8
3.751704,6
3.752704,8
3.753704,6
3.754700,8
3.755700,6
3.756704,8
3.757700,6
3.758704,8
3.759704,6
3.760704,8
3.761704,6
3.762708,8
3.763700,6
3.764700,8
3.765704,6
3.766704,8
3.767704,6
3.768704,8
3.769704,6
3.770704,8
3.771704,6
3.772704,8
3.776708,8
3.777704,6
3.778708,8
3.779704,6
3.780704,8
3.781708,6
3.782704,8
3.783708,6
3.784708,8
3.785704,6
3.786708,8
3.787704,6
3.788708,8
3.789708,6
3.790708,8
3.791708,6
3.792708,8
3.793708,6
3.794708,8
3.795708,6
3.796704,8
3.797704,6
3.798708,8
3.799708,6
3.800708,8
3.801708,6
3.802708,8
3.803712,6
3.804708,8
3.805716,6
3.806708,8
3.807708,6
3.808708,8
3.809708,6
3.810712,8
3.811708,6
3.812712,8
3.813708,6
3.814712,8
3.815712,6
3.816712,8
3.817712,6
3.818708,8
3.822712,8
3.823712,6
3.824712,8
3.825712,6
3.826712,8
3.827716,6
3.828712,8
3.829712,6
3.830716,8
3.831712,6
3.832716,8
3.833712,6
3.834712,8
3.835712,6
3.836716,8
3.837712,6
3.838716,8
3.839716,6
3.840712,8
3.841716,6
3.842712,8
3.843712,6
3.844716,8
3.845712,6
3.846716,8
3.847716,6
3.848720,8
3.849716,6
3.850716,8
3.851716,6
3.852716,8
3.853716,6
3.854720,8
3.855716,6
3.856716,8
3.857716,6
3.858716,8
3.859716,6
3.860720,8
3.861720,6
3.862720,8
3.863720,6
3.864716,8
3.868716,8
3.869720,6
3.870720,8
3.871720,6
3.872720,8
3.873716,6
3.874716,8
3.875720,6
3.876720,8
3.877720,6
3.878716,8
3.879720,6
3.880720,8
3.881716,6
3.882720,8
3.883720,6
3.884724,8
3.885724,6
3.886724,8
3.887720,6
3.888720,8
3.889720,6
3.890720,8
3.891728,6
3.892724,8
3.893724,6
3.894724,8
3.895724,6
3.896724,8
3.897720,6
3.898720,8
3.899720,6
3.900724,8
3.901724,6
3.902720,8
3.903724,6
3.904720,8
3.905724,6
3.906724,8
3.907724,6
3.908724,8
3.909728,6
3.913724,6
3.914728,8
3.915724,6
3.916724,8
3.917728,6
3.918728,8
3.919724,6
3.920728,8
3.921724,6
3.922728,8
3.923724,6
3.924728,8
3.925724,6
3.926728,8
3.927724,6
3.928728,8
3.929724,6
3.930724,8
3.931724,6
3.932728,8
3.933728,6
3.934736,8
3.935728,6
3.936732,8
3.937728,6
3.938732,8
3.939728,6
3.940728,8
3.941732,6
3.942728,8
3.943728,6
3.944728,8
3.945728,6
3.946728,8
3.947732,6
3.948732,8
3.949732,6
3.950732,8
3.951728,6
3.952732,8
3.953728,6
3.954732,8
3.955728,6
3.959728,6
3.960732,8
3.961728,6
3.962728,8
3.963732,6
3.964732,8
3.965732,6
3.966732,8
3.967732,6
3.968732,8
3.969732,6
3.970732,8
3.971732,6
3.972732,8
3.973736,6
3.974736,8
3.975732,6
3.976732,8
3.977736,6
3.978736,8
3.979736,6
3.980732,8
3.981732,6
3.982736,8
3.983736,6
3.984732,8
3.985732,6
3.986732,8
3.987736,6
3.988732,8
