0.000796,13
0.010796,13
0.011796,1
0.012800,12
0.013796,7
0.014800,4
0.015800,13
0.016796,1
0.017800,12
0.018796,7
0.019796,4
0.020796,13
0.021800,1
0.022796,12
0.023800,7
0.024804,4
0.025800,13
0.026800,1
0.027800,12
0.028800,7
0.029796,4
0.030796,13
0.031800,1
0.032800,12
0.033800,7
0.034800,4
0.035800,13
0.036796,1
0.037800,12
0.038800,7
0.039800,4
0.040800,13
0.041800,1
0.042800,12
0.043800,7
0.044800,4
0.045804,13
0.046804,1
0.047800,12
0.048800,7
0.049804,4
0.050804,13
0.055800,13
0.056800,1
0.057804,12
0.058804,7
0.059804,4
0.060804,13
0.061800,1
0.062800,12
0.063804,7
0.064804,4
0.065804,13
0.066808,1
0.067812,12
0.068804,7
0.069804,4
0.070808,13
0.071804,1
0.072808,12
0.073804,7
0.074804,4
0.075804,13
0.076808,1
0.077804,12
0.078804,7
0.079804,4
0.080808,13
0.081808,1
0.082808,12
0.083808,7
0.084808,4
0.085804,13
0.086808,1
0.087808,12
0.088808,7
0.089808,4
0.090808,13
0.091808,1
0.092808,12
0.093808,7
0.094808,4
0.095808,13
0.100812,13
0.101808,1
0.102812,12
0.103808,7
0.104808,4
0.105808,13
0.106812,1
0.107808,12
0.108808,7
0.109816,4
0.110816,13
0.111812,1
0.112812,12
0.113812,7
0.114808,4
0.115808,13
0.116812,1
0.117812,12
0.118812,7
0.119812,4
0.120812,13
0.121812,1
0.122812,12
0.123812,7
0.124812,4
0.125812,13
0.126812,1
0.127812,12
0.128812,7
0.129812,4
0.130812,13
0.131816,1
0.132812,12
0.133812,7
0.134816,4
0.135816,13
0.136812,1
0.137816,12
0.138816,7
0.139812,4
0.140812,13
0.144812,4
0.145816,13
0.146816,1
0.147816,12
0.148816,7
0.149812,4
0.150816,13
0.151816,1
0.152820,12
0.153816,7
0.154816,4
0.155816,13
0.156816,1
0.157816,12
0.158816,7
0.159816,4
0.160820,13
0.161820,1
0.162816,12
0.163820,7
0.164820,4
0.165820,13
0.166820,1
0.167820,12
0.168816,7
0.169816,4
0.170820,13
0.171820,1
0.172820,12
0.173820,7
0.174820,4
0.175820,13
0.176824,1
0.177820,12
0.178820,7
0.179820,4
0.180820,13
0.181820,1
0.182820,12
0.183820,7
0.184820,4
0.185820,13
0.189824,4
0.190824,13
0.191820,1
0.192820,12
0.193824,7
0.194820,4
0.195832,13
0.196824,1
0.197824,12
0.198824,7
0.199824,4
0.200824,13
0.201824,1
0.202824,12
0.203824,7
0.204824,4
0.205820,13
0.206820,1
0.207824,12
0.208828,7
0.209824,4
0.210824,13
0.211824,1
0.212824,12
0.213824,7
0.214828,4
0.215824,13
0.216824,1
0.217824,12
0.218828,7
0.219828,4
0.220824,13
0.221824,1
0.222828,12
0.223824,7
0.224824,4
0.225828,13
0.226828,1
0.227828,12
0.228828,7
0.229824,4
0.233828,7
0.234832,4
0.235828,13
0.236828,1
0.237828,12
0.238836,7
0.239828,4
0.240828,13
0.241828,1
0.242832,12
0.243828,7
0.244828,4
0.245832,13
0.246828,1
0.247828,12
0.248832,7
0.249832,4
0.250828,13
0.251832,1
0.252828,12
0.253832,7
0.254832,4
0.255832,13
0.256828,1
0.257832,12
0.258832,7
0.259832,4
0.260832,13
0.261832,1
0.262832,12
0.263832,7
0.264832,4
0.265832,13
0.266832,1
0.267832,12
0.268832,7
0.269836,4
0.270836,13
0.271832,1
0.272832,12
0.273832,7
0.277832,12
0.278836,7
0.279836,4
0.280832,13
0.281840,1
0.282832,12
0.283836,7
0.284832,4
0.285836,13
0.286836,1
0.287836,12
0.288836,7
0.289840,4
0.290836,13
0.291836,1
0.292836,12
0.293840,7
0.294836,4
0.295840,13
0.296840,1
0.297836,12
0.298840,7
0.299836,4
0.300840,13
0.301836,1
0.302840,12
0.303840,7
0.304840,4
0.305836,13
0.306840,1
0.307840,12
0.308840,7
0.309840,4
0.310840,13
0.311836,1
0.312840,12
0.313840,7
0.314840,4
0.315840,13
0.316840,1
0.317840,12
0.321844,1
0.322840,12
0.323840,7
0.324848,4
0.325840,13
0.326840,1
0.327840,12
0.328844,7
0.329840,4
0.330840,13
0.331840,1
0.332844,12
0.333844,7
0.334844,4
0.335840,13
0.336844,1
0.337844,12
0.338844,7
0.339840,4
0.340844,13
0.341844,1
0.342844,12
0.343844,7
0.344844,4
0.345844,13
0.346844,1
0.347844,12
0.348848,7
0.349848,4
0.350844,13
0.351844,1
0.352844,12
0.353844,7
0.354844,4
0.355848,13
0.356844,1
0.357848,12
0.358844,7
0.359848,4
0.360844,13
0.361848,1
0.362844,12
0.366848,1
0.367852,12
0.368848,7
0.369848,4
0.370844,13
0.371848,1
0.372848,12
0.373848,7
0.374848,4
0.375848,13
0.376852,1
0.377848,12
0.378848,7
0.379852,4
0.380852,13
0.381848,1
0.382848,12
0.383848,7
0.384848,4
0.385852,13
0.386852,1
0.387852,12
0.388852,7
0.389852,4
0.390852,13
0.391852,1
0.392852,12
0.393852,7
0.394852,4
0.395848,13
0.396852,1
0.397852,12
0.398848,7
0.399852,4
0.400852,13
0.401852,1
0.402852,12
0.403852,7
0.404856,4
0.405852,13
0.406852,1
0.410856,13
0.411852,1
0.412856,12
0.413852,7
0.414852,4
0.415852,13
0.416856,1
0.417852,12
0.418856,7
0.419856,4
0.420856,13
0.421852,1
0.422856,12
0.423856,7
0.424856,4
0.425856,13
0.426856,1
0.427860,12
0.428856,7
0.429856,4
0.430856,13
0.431856,1
0.432856,12
0.433856,7
0.434856,4
0.435856,13
0.436856,1
0.437856,12
0.438856,7
0.439856,4
0.440856,13
0.441856,1
0.442860,12
0.443860,7
0.444856,4
0.445860,13
0.446860,1
0.447856,12
0.448860,7
0.449856,4
0.450856,13
0.454860,4
0.455856,13
0.456860,1
0.457860,12
0.458864,7
0.459856,4
0.460860,13
0.461864,1
0.462860,12
0.463864,7
0.464860,4
0.465860,13
0.466864,1
0.467864,12
0.468860,7
0.469860,4
0.470860,13
0.471864,1
0.472860,12
0.473860,7
0.474864,4
0.475860,13
0.476864,1
0.477864,12
0.478860,7
0.479860,4
0.480860,13
0.481864,1
0.482864,12
0.483864,7
0.484864,4
0.485864,13
0.486864,1
0.487864,12
0.488864,7
0.489864,4
0.490864,13
0.491864,1
0.492868,12
0.493868,7
0.494864,4
0.495864,13
0.499864,4
0.500864,13
0.501864,1
0.502868,12
0.503868,7
0.504868,4
0.505864,13
0.506868,1
0.507864,12
0.508864,7
0.509868,4
0.510868,13
0.511868,1
0.512864,12
0.513868,7
0.514872,4
0.515872,13
0.516868,1
0.517868,12
0.518868,7
0.519868,4
0.520868,13
0.521868,1
0.522868,12
0.523868,7
0.524872,4
0.525872,13
0.526872,1
0.527868,12
0.528872,7
0.529868,4
0.530868,13
0.531868,1
0.532872,12
0.533868,7
0.534872,4
0.535868,13
0.536872,1
0.537868,12
0.538872,7
0.539876,4
0.543868,7
0.544872,4
0.545872,13
0.546872,1
0.547872,12
0.548876,7
0.549872,4
0.550876,13
0.551876,1
0.552872,12
0.553872,7
0.554876,4
0.555872,13
0.556876,1
0.557876,12
0.558872,7
0.559872,4
0.560872,13
0.561876,1
0.562876,12
0.563872,7
0.564876,4
0.565876,13
0.566872,1
0.567876,12
0.568876,7
0.569872,4
0.570876,13
0.571876,1
0.572876,12
0.573876,7
0.574876,4
0.575876,13
0.576876,1
0.577880,12
0.578876,7
0.579876,4
0.580876,13
0.581884,1
0.582884,12
0.583880,7
0.587880,12
0.588876,7
0.589880,4
0.590876,13
0.591880,1
0.592876,12
0.593880,7
0.594880,4
0.595880,13
0.596884,1
0.597880,12
0.598876,7
0.599880,4
0.600880,13
0.601880,1
0.602884,12
0.603880,7
0.604880,4
0.605880,13
0.606880,1
0.607880,12
0.608880,7
0.609880,4
0.610880,13
0.611880,1
0.612884,12
0.613884,7
0.614880,4
0.615880,13
0.616884,1
0.617880,12
0.618880,7
0.619884,4
0.620884,13
0.621884,1
0.622884,12
0.623884,7
0.624888,4
0.625892,13
0.626880,1
0.627884,12
0.631884,1
0.632888,12
0.633884,7
0.634888,4
0.635888,13
0.636884,1
0.637884,12
0.638888,7
0.639884,4
0.640888,13
0.641884,1
0.642888,12
0.643888,7
0.644884,4
0.645888,13
0.646888,1
0.647884,12
0.648888,7
0.649888,4
0.650884,13
0.651884,1
0.652888,12
0.653888,7
0.654888,4
0.655892,13
0.656888,1
0.657888,12
0.658892,7
0.659888,4
0.660888,13
0.661888,1
0.662888,12
0.663888,7
0.664892,4
0.665888,13
0.666888,1
0.667892,12
0.668896,7
0.669892,4
0.670888,13
0.671892,1
0.672888,12
0.676892,1
0.677892,12
0.678892,7
0.679888,4
0.680888,13
0.681892,1
0.682892,12
0.683888,7
0.684892,4
0.685896,13
0.686896,1
0.687892,12
0.688892,7
0.689892,4
0.690896,13
0.691892,1
0.692892,12
0.693896,7
0.694892,4
0.695896,13
0.696896,1
0.697896,12
0.698892,7
0.699896,4
0.700892,13
0.701896,1
0.702896,12
0.703892,7
0.704896,4
0.705892,13
0.706892,1
0.707896,12
0.708896,7
0.709896,4
0.710904,13
0.711896,1
0.712896,12
0.713896,7
0.714896,4
0.715896,13
0.716896,1
0.720896,13
0.721896,1
0.722896,12
0.723896,7
0.724896,4
0.725896,13
0.726900,1
0.727900,12
0.728900,7
0.729896,4
0.730900,13
0.731900,1
0.732900,12
0.733896,7
0.734896,4
0.735900,13
0.736900,1
0.737900,12
0.738900,7
0.739900,4
0.740900,13
0.741900,1
0.742904,12
0.743900,7
0.744904,4
0.745900,13
0.746900,1
0.747900,12
0.748900,7
0.749900,4
0.750904,13
0.751900,1
0.752904,12
0.753908,7
0.754904,4
0.755904,13
0.756904,1
0.757900,12
0.758900,7
0.759904,4
0.760904,13
0.764904,4
0.765900,13
0.766904,1
0.767904,12
0.768904,7
0.769904,4
0.770904,13
0.771904,1
0.772908,12
0.773908,7
0.774908,4
0.775908,13
0.776904,1
0.777908,12
0.778904,7
0.779904,4
0.780904,13
0.781904,1
0.782904,12
0.783904,7
0.784908,4
0.785908,13
0.786904,1
0.787904,12
0.788908,7
0.789908,4
0.790908,13
0.791908,1
0.792908,12
0.793908,7
0.794908,4
0.795912,13
0.796916,1
0.797908,12
0.798912,7
0.799908,4
0.800908,13
0.801912,1
0.802908,12
0.803912,7
0.804908,4
0.805912,13
0.809908,4
0.810912,13
0.811912,1
0.812908,12
0.813912,7
0.814912,4
0.815912,13
0.816912,1
0.817912,12
0.818912,7
0.819912,4
0.820908,13
0.821912,1
0.822912,12
0.823912,7
0.824912,4
0.825912,13
0.826916,1
0.827912,12
0.828912,7
0.829912,4
0.830912,13
0.831912,1
0.832916,12
0.833912,7
0.834912,4
0.835916,13
0.836916,1
0.837912,12
0.838912,7
0.839920,4
0.840912,13
0.841912,1
0.842912,12
0.843916,7
0.844912,4
0.845912,13
0.846916,1
0.847916,12
0.848912,7
0.849916,4
0.853912,7
0.854916,4
0.855920,13
0.856916,1
0.857916,12
0.858916,7
0.859916,4
0.860916,13
0.861916,1
0.862920,12
0.863916,7
0.864916,4
0.865920,13
0.866920,1
0.867916,12
0.868920,7
0.869920,4
0.870920,13
0.871920,1
0.872916,12
0.873916,7
0.874916,4
0.875920,13
0.876920,1
0.877920,12
0.878924,7
0.879920,4
0.880916,13
0.881920,1
0.882924,12
0.883920,7
0.884924,4
0.885920,13
0.886924,1
0.887920,12
0.888920,7
0.889920,4
0.890920,13
0.891920,1
0.892920,12
0.893920,7
0.897924,12
0.898920,7
0.899924,4
0.900920,13
0.901924,1
0.902924,12
0.903920,7
0.904924,4
0.905920,13
0.906924,1
0.907924,12
0.908924,7
0.909924,4
0.910920,13
0.911928,1
0.912924,12
0.913928,7
0.914924,4
0.915928,13
0.916928,1
0.917928,12
0.918924,7
0.919924,4
0.920928,13
0.921928,1
0.922924,12
0.923928,7
0.924928,4
0.925932,13
0.926928,1
0.927924,12
0.928924,7
0.929928,4
0.930928,13
0.931928,1
0.932928,12
0.933932,7
0.934928,4
0.935924,13
0.936928,1
0.937928,12
0.941928,1
0.942928,12
0.943928,7
0.944928,4
0.945928,13
0.946932,1
0.947928,12
0.948928,7
0.949932,4
0.950932,13
0.951932,1
0.952932,12
0.953932,7
0.954928,4
0.955928,13
0.956932,1
0.957932,12
0.958928,7
0.959932,4
0.960932,13
0.961932,1
0.962932,12
0.963932,7
0.964932,4
0.965928,13
0.966936,1
0.967932,12
0.968940,7
0.969932,4
0.970936,13
0.971932,1
0.972932,12
0.973932,7
0.974932,4
0.975932,13
0.976932,1
0.977932,12
0.978932,7
0.979932,4
0.980936,13
0.981936,1
0.982932,12
0.986932,1
0.987936,12
0.988936,7
0.989936,4
0.990932,13
0.991936,1
0.992936,12
0.993940,7
0.994940,4
0.995940,13
0.996936,1
0.997936,12
0.998936,7
0.999936,4
1.000936,13
1.001940,1
1.002940,12
1.003936,7
1.004936,4
1.005936,13
1.006936,1
1.007936,12
1.008940,7
1.009936,4
1.010936,13
1.011948,1
1.012940,12
1.013940,7
1.014940,4
1.015936,13
1.016940,1
1.017940,12
1.018940,7
1.019940,4
1.020940,13
1.021940,1
1.022940,12
1.023940,7
1.024940,4
1.025944,13
1.026940,1
1.030940,13
1.031944,1
1.032940,12
1.033944,7
1.034944,4
1.035940,13
1.036940,1
1.037940,12
1.038940,7
1.039940,4
1.040940,13
1.041944,1
1.042944,12
1.043944,7
1.044944,4
1.045940,13
1.046944,1
1.047944,12
1.048940,7
1.049944,4
1.050944,13
1.051944,1
1.052944,12
1.053948,7
1.054948,4
1.055944,13
1.056944,1
1.057944,12
1.058944,7
1.059948,4
1.060944,13
1.061944,1
1.062944,12
1.063948,7
1.064944,4
1.065944,13
1.066944,1
1.067948,12
1.068948,7
1.069948,4
1.070944,13
1.074948,4
1.075948,13
1.076948,1
1.077948,12
1.078948,7
1.079948,4
1.080948,13
1.081948,1
1.082952,12
1.083948,7
1.084948,4
1.085948,13
1.086948,1
1.087948,12
1.088948,7
1.089948,4
1.090952,13
1.091948,1
1.092952,12
1.093952,7
1.094952,4
1.095948,13
1.096952,1
1.097956,12
1.098952,7
1.099952,4
1.100952,13
1.101948,1
1.102952,12
1.103952,7
1.104952,4
1.105952,13
1.106952,1
1.107952,12
1.108956,7
1.109952,4
1.110952,13
1.111952,1
1.112952,12
1.113952,7
1.114952,4
1.115956,13
1.119952,4
1.120956,13
1.121956,1
1.122956,12
1.123952,7
1.124956,4
1.125956,13
1.126956,1
1.127952,12
1.128956,7
1.129956,4
1.130960,13
1.131956,1
1.132956,12
1.133956,7
1.134956,4
1.135960,13
1.136956,1
1.137960,12
1.138956,7
1.139960,4
1.140964,13
1.141960,1
1.142956,12
1.143960,7
1.144960,4
1.145960,13
1.146956,1
1.147960,12
1.148960,7
1.149956,4
1.150956,13
1.151960,1
1.152956,12
1.153956,7
1.154960,4
1.155960,13
1.156956,1
1.157960,12
1.158960,7
1.159960,4
1.163960,7
1.164960,4
1.165960,13
1.166960,1
1.167960,12
1.168960,7
1.169964,4
1.170960,13
1.171960,1
1.172960,12
1.173964,7
1.174960,4
1.175960,13
1.176960,1
1.177964,12
1.178960,7
1.179960,4
1.180964,13
1.181964,1
1.182972,12
1.183972,7
1.184960,4
1.185964,13
1.186964,1
1.187964,12
1.188964,7
1.189964,4
1.190964,13
1.191964,1
1.192968,12
1.193964,7
1.194964,4
1.195964,13
1.196964,1
1.197964,12
1.198964,7
1.199964,4
1.200968,13
1.201964,1
1.202968,12
1.203968,7
1.207964,12
1.208968,7
1.209968,4
1.210968,13
1.211964,1
1.212968,12
1.213968,7
1.214964,4
1.215968,13
1.216968,1
1.217964,12
1.218972,7
1.219968,4
1.220968,13
1.221968,1
1.222968,12
1.223968,7
1.224972,4
1.225976,13
1.226972,1
1.227968,12
1.228968,7
1.229972,4
1.230968,13
1.231972,1
1.232972,12
1.233968,7
1.234972,4
1.235968,13
1.236972,1
1.237972,12
1.238972,7
1.239972,4
1.240968,13
1.241968,1
1.242972,12
1.243968,7
1.244972,4
1.245972,13
1.246968,1
1.247972,12
1.251972,1
1.252976,12
1.253976,7
1.254972,4
1.255976,13
1.256972,1
1.257976,12
1.258976,7
1.259976,4
1.260972,13
1.261976,1
1.262972,12
1.263972,7
1.264976,4
1.265976,13
1.266972,1
1.267976,12
1.268980,7
1.269972,4
1.270976,13
1.271976,1
1.272972,12
1.273980,7
1.274976,4
1.275976,13
1.276976,1
1.277976,12
1.278976,7
1.279976,4
1.280976,13
1.281976,1
1.282976,12
1.283980,7
1.284976,4
1.285976,13
1.286976,1
1.287976,12
1.288976,7
1.289980,4
1.290976,13
1.291980,1
1.292980,12
1.296980,1
1.297980,12
1.298980,7
1.299980,4
1.300980,13
1.301980,1
1.302980,12
1.303980,7
1.304980,4
1.305980,13
1.306984,1
1.307980,12
1.308980,7
1.309980,4
1.310980,13
1.311984,1
1.312980,12
1.313980,7
1.314980,4
1.315980,13
1.316984,1
1.317984,12
1.318984,7
1.319984,4
1.320984,13
1.321980,1
1.322980,12
1.323984,7
1.324984,4
1.325984,13
1.326984,1
1.327980,12
1.328980,7
1.329984,4
1.330984,13
1.331984,1
1.332984,12
1.333984,7
1.334984,4
1.335984,13
1.336988,1
1.340988,13
1.341988,1
1.342988,12
1.343984,7
1.344988,4
1.345988,13
1.346988,1
1.347988,12
1.348988,7
1.349988,4
1.350984,13
1.351988,1
1.352988,12
1.353988,7
1.354992,4
1.355984,13
1.356988,1
1.357984,12
1.358988,7
1.359988,4
1.360988,13
1.361988,1
1.362988,12
1.363988,7
1.364988,4
1.365992,13
1.366988,1
1.367992,12
1.368992,7
1.369992,4
1.370988,13
1.371992,1
1.372988,12
1.373988,7
1.374992,4
1.375988,13
1.376992,1
1.377992,12
1.378992,7
1.379992,4
1.380988,13
1.384992,4
1.385992,13
1.386992,1
1.387992,12
1.388992,7
1.389996,4
1.390996,13
1.391992,1
1.392992,12
1.393996,7
1.394992,4
1.395992,13
1.396992,1
1.398000,12
1.398992,7
1.399996,4
1.400996,13
1.401996,1
1.402992,12
1.403996,7
1.404992,4
1.405996,13
1.406996,1
1.407996,12
1.408996,7
1.409996,4
1.410996,13
1.411996,1
1.412996,12
1.413996,7
1.414992,4
1.415996,13
1.417000,1
1.417996,12
1.418996,7
1.419996,4
1.420996,13
1.421996,1
1.422996,12
1.423996,7
1.424996,4
1.425996,13
1.430000,4
1.430996,13
1.431996,1
1.433000,12
1.433996,7
1.434996,4
1.435996,13
1.437000,1
1.438000,12
1.438996,7
1.440000,4
1.441004,13
1.442000,1
1.443000,12
1.444004,7
1.445004,4
1.445996,13
1.447000,1
1.448000,12
1.449000,7
1.450000,4
1.451004,13
1.452000,1
1.453000,12
1.454004,7
1.455000,4
1.456004,13
1.457004,1
1.458000,12
1.459000,7
1.460004,4
1.461004,13
1.462004,1
1.463004,12
1.464004,7
1.465004,4
1.466004,13
1.467004,1
1.468004,12
1.469004,7
1.470004,4
1.474004,7
1.475008,4
1.476004,13
1.477008,1
1.478008,12
1.479004,7
1.480004,4
1.481004,13
1.482008,1
1.483008,12
1.484012,7
1.485004,4
1.486008,13
1.487004,1
1.488008,12
1.489008,7
1.490004,4
1.491004,13
1.492008,1
1.493008,12
1.494004,7
1.495008,4
1.496008,13
1.497008,1
1.498008,12
1.499008,7
1.500004,4
1.501008,13
1.502008,1
1.503008,12
1.504012,7
1.505008,4
1.506012,13
1.507008,1
1.508008,12
1.509008,7
1.510008,4
1.511012,13
1.512012,1
1.513008,12
1.514012,7
1.518008,12
1.519008,7
1.520012,4
1.521012,13
1.522012,1
1.523012,12
1.524008,7
1.525012,4
1.526012,13
1.527020,1
1.528012,12
1.529012,7
1.530012,4
1.531012,13
1.532012,1
1.533016,12
1.534016,7
1.535016,4
1.536012,13
1.537012,1
1.538012,12
1.539012,7
1.540016,4
1.541016,13
1.542012,1
1.543016,12
1.544016,7
1.545012,4
1.546016,13
1.547016,1
1.548016,12
1.549016,7
1.550016,4
1.551016,13
1.552016,1
1.553016,12
1.554016,7
1.555016,4
1.556020,13
1.557016,1
1.558016,12
1.562020,1
1.563020,12
1.564016,7
1.565016,4
1.566020,13
1.567020,1
1.568016,12
1.569020,7
1.570024,4
1.571020,13
1.572020,1
1.573020,12
1.574020,7
1.575020,4
1.576016,13
1.577020,1
1.578020,12
1.579020,7
1.580020,4
1.581020,13
1.582016,1
1.583020,12
1.584020,7
1.585020,4
1.586020,13
1.587020,1
1.588020,12
1.589020,7
1.590020,4
1.591020,13
1.592020,1
1.593020,12
1.594020,7
1.595024,4
1.596024,13
1.597020,1
1.598020,12
1.599024,7
1.600024,4
1.601024,13
1.602024,1
1.603024,12
1.607020,1
1.608020,12
1.609024,7
1.610024,4
1.611028,13
1.612024,1
1.613028,12
1.614024,7
1.615024,4
1.616024,13
1.617024,1
1.618028,12
1.619024,7
1.620028,4
1.621024,13
1.622024,1
1.623028,12
1.624028,7
1.625024,4
1.626028,13
1.627028,1
1.628028,12
1.629028,7
1.630028,4
1.631028,13
1.632028,1
1.633028,12
1.634028,7
1.635028,4
1.636028,13
1.637028,1
1.638028,12
1.639028,7
1.640028,4
1.641028,13
1.642028,1
1.643032,12
1.644028,7
1.645028,4
1.646028,13
1.647032,1
1.651028,13
1.652028,1
1.653028,12
1.654028,7
1.655036,4
1.656036,13
1.657032,1
1.658032,12
1.659032,7
1.660032,4
1.661032,13
1.662032,1
1.663032,12
1.664032,7
1.665032,4
1.666028,13
1.667032,1
1.668032,12
1.669032,7
1.670032,4
1.671032,13
1.672032,1
1.673036,12
1.674032,7
1.675036,4
1.676032,13
1.677032,1
1.678032,12
1.679032,7
1.680032,4
1.681036,13
1.682036,1
1.683036,12
1.684032,7
1.685032,4
1.686032,13
1.687036,1
1.688036,12
1.689032,7
1.690036,4
1.691036,13
1.695036,4
1.696032,13
1.697036,1
1.698040,12
1.699044,7
1.700036,4
1.701036,13
1.702036,1
1.703036,12
1.704036,7
1.705036,4
1.706036,13
1.707036,1
1.708036,12
1.709036,7
1.710036,4
1.711040,13
1.712040,1
1.713040,12
1.714036,7
1.715040,4
1.716040,13
1.717040,1
1.718040,12
1.719036,7
1.720036,4
1.721040,13
1.722040,1
1.723040,12
1.724040,7
1.725040,4
1.726040,13
1.727040,1
1.728044,12
1.729040,7
1.730044,4
1.731040,13
1.732040,1
1.733040,12
1.734040,7
1.735040,4
1.736044,13
1.740044,4
1.741048,13
1.742044,1
1.743040,12
1.744044,7
1.745044,4
1.746044,13
1.747044,1
1.748040,12
1.749044,7
1.750044,4
1.751044,13
1.752044,1
1.753048,12
1.754044,7
1.755044,4
1.756044,13
1.757048,1
1.758044,12
1.759044,7
1.760048,4
1.761048,13
1.762044,1
1.763048,12
1.764048,7
1.765044,4
1.766044,13
1.767048,1
1.768048,12
1.769048,7
1.770048,4
1.771048,13
1.772048,1
1.773048,12
1.774048,7
1.775048,4
1.776052,13
1.777048,1
1.778048,12
1.779052,7
1.780048,4
1.784052,7
1.785048,4
1.786052,13
1.787052,1
1.788048,12
1.789052,7
1.790048,4
1.791048,13
1.792048,1
1.793052,12
1.794052,7
1.795052,4
1.796048,13
1.797052,1
1.798052,12
1.799048,7
1.800048,4
1.801052,13
1.802048,1
1.803052,12
1.804052,7
1.805056,4
1.806052,13
1.807052,1
1.808052,12
1.809052,7
1.810052,4
1.811052,13
1.812052,1
1.813052,12
1.814052,7
1.815056,4
1.816056,13
1.817052,1
1.818056,12
1.819056,7
1.820052,4
1.821052,13
1.822056,1
1.823056,12
1.824052,7
1.828056,12
1.829052,7
1.830056,4
1.831052,13
1.832056,1
1.833056,12
1.834056,7
1.835056,4
1.836056,13
1.837056,1
1.838056,12
1.839056,7
1.840056,4
1.841056,13
1.842056,1
1.843056,12
1.844060,7
1.845060,4
1.846056,13
1.847056,1
1.848060,12
1.849056,7
1.850056,4
1.851056,13
1.852060,1
1.853056,12
1.854060,7
1.855060,4
1.856060,13
1.857056,1
1.858060,12
1.859060,7
1.860060,4
1.861056,13
1.862060,1
1.863060,12
1.864064,7
1.865060,4
1.866060,13
1.867064,1
1.868060,12
1.872060,1
1.873060,12
1.874064,7
1.875060,4
1.876060,13
1.877064,1
1.878064,12
1.879060,7
1.880064,4
1.881064,13
1.882060,1
1.883060,12
1.884064,7
1.885060,4
1.886064,13
1.887064,1
1.888064,12
1.889068,7
1.890064,4
1.891064,13
1.892064,1
1.893064,12
1.894064,7
1.895064,4
1.896064,13
1.897064,1
1.898064,12
1.899068,7
1.900064,4
1.901068,13
1.902064,1
1.903068,12
1.904064,7
1.905064,4
1.906064,13
1.907068,1
1.908064,12
1.909068,7
1.910068,4
1.911064,13
1.912064,1
1.913076,12
1.917068,1
1.918068,12
1.919068,7
1.920068,4
1.921068,13
1.922064,1
1.923072,12
1.924068,7
1.925068,4
1.926072,13
1.927068,1
1.928068,12
1.929068,7
1.930068,4
1.931068,13
1.932068,1
1.933072,12
1.934072,7
1.935072,4
1.936072,13
1.937072,1
1.938072,12
1.939072,7
1.940068,4
1.941072,13
1.942072,1
1.943072,12
1.944068,7
1.945072,4
1.946072,13
1.947072,1
1.948068,12
1.949072,7
1.950072,4
1.951076,13
1.952072,1
1.953072,12
1.954072,7
1.955072,4
1.956080,13
1.957072,1
1.961076,13
1.962076,1
1.963072,12
1.964072,7
1.965072,4
1.966076,13
1.967072,1
1.968076,12
1.969076,7
1.970076,4
1.971072,13
1.972076,1
1.973076,12
1.974076,7
1.975076,4
1.976076,13
1.977076,1
1.978080,12
1.979076,7
1.980076,4
1.981080,13
1.982076,1
1.983076,12
1.984080,7
1.985076,4
1.986076,13
1.987080,1
1.988080,12
1.989076,7
1.990080,4
1.991080,13
1.992080,1
1.993080,12
1.994080,7
1.995080,4
1.996076,13
1.997080,1
1.998080,12
1.999084,7
2.000080,4
2.001080,13
2.005080,4
2.006080,13
2.007076,1
2.008080,12
2.009084,7
2.010080,4
2.011084,13
2.012084,1
2.013084,12
2.014080,7
2.015080,4
2.016084,13
2.017084,1
2.018080,12
2.019080,7
2.020080,4
2.021084,13
2.022080,1
2.023084,12
2.024084,7
2.025084,4
2.026084,13
2.027084,1
2.028084,12
2.029084,7
2.030084,4
2.031084,13
2.032084,1
2.033084,12
2.034084,7
2.035084,4
2.036084,13
2.037084,1
2.038088,12
2.039084,7
2.040084,4
2.041084,13
2.042092,1
2.043088,12
2.044084,7
2.045088,4
2.046088,13
2.050088,4
2.051084,13
2.052088,1
2.053088,12
2.054084,7
2.055088,4
2.056088,13
2.057088,1
2.058088,12
2.059088,7
2.060084,4
2.061088,13
2.062088,1
2.063088,12
2.064088,7
2.065092,4
2.066088,13
2.067088,1
2.068092,12
2.069088,7
2.070092,4
2.071092,13
2.072092,1
2.073088,12
2.074092,7
2.075088,4
2.076092,13
2.077088,1
2.078092,12
2.079088,7
2.080092,4
2.081088,13
2.082092,1
2.083088,12
2.084092,7
2.085096,4
2.086092,13
2.087092,1
2.088092,12
2.089088,7
2.090096,4
2.094092,7
2.095092,4
2.096092,13
2.097092,1
2.098096,12
2.099092,7
2.100096,4
2.101096,13
2.102092,1
2.103092,12
2.104096,7
2.105092,4
2.106092,13
2.107092,1
2.108096,12
2.109096,7
2.110092,4
2.111096,13
2.112096,1
2.113096,12
2.114092,7
2.115096,4
2.116100,13
2.117096,1
2.118096,12
2.119096,7
2.120096,4
2.121096,13
2.122096,1
2.123100,12
2.124096,7
2.125096,4
2.126096,13
2.127096,1
2.128104,12
2.129100,7
2.130100,4
2.131100,13
2.132096,1
2.133100,12
2.134100,7
2.138096,12
2.139100,7
2.140100,4
2.141100,13
2.142100,1
2.143100,12
2.144100,7
2.145100,4
2.146104,13
2.147100,1
2.148100,12
2.149100,7
2.150100,4
2.151100,13
2.152100,1
2.153100,12
2.154100,7
2.155100,4
2.156104,13
2.157104,1
2.158104,12
2.159104,7
2.160100,4
2.161104,13
2.162104,1
2.163104,12
2.164100,7
2.165100,4
2.166104,13
2.167104,1
2.168100,12
2.169104,7
2.170104,4
2.171108,13
2.172104,1
2.173104,12
2.174104,7
2.175104,4
2.176108,13
2.177104,1
2.178108,12
2.182104,1
2.183108,12
2.184108,7
2.185104,4
2.186108,13
2.187104,1
2.188108,12
2.189108,7
2.190108,4
2.191104,13
2.192108,1
2.193108,12
2.194108,7
2.195108,4
2.196108,13
2.197108,1
2.198104,12
2.199108,7
2.200108,4
2.201108,13
2.202108,1
2.203108,12
2.204108,7
2.205108,4
2.206108,13
2.207108,1
2.208108,12
2.209108,7
2.210112,4
2.211108,13
2.212108,1
2.213112,12
2.214120,7
2.215112,4
2.216108,13
2.217112,1
2.218112,12
2.219108,7
2.220112,4
2.221108,13
2.222112,1
2.223112,12
2.228108,12
2.229112,7
2.230112,4
2.231112,13
2.232112,1
2.233112,12
2.234112,7
2.235116,4
2.236112,13
2.237116,1
2.238112,12
2.239116,7
2.240116,4
2.241112,13
2.242116,1
2.243116,12
2.244112,7
2.245112,4
2.246112,13
2.247116,1
2.248112,12
2.249112,7
2.250116,4
2.251116,13
2.252116,1
2.253112,12
2.254116,7
2.255116,4
2.256120,13
2.257124,1
2.258116,12
2.259120,7
2.260116,4
2.261116,13
2.262116,1
2.263116,12
2.264116,7
2.265120,4
2.266120,13
2.267120,1
2.268116,12
2.272120,1
2.273120,12
2.274120,7
2.275120,4
2.276120,13
2.277120,1
2.278116,12
2.279120,7
2.280120,4
2.281116,13
2.282116,1
2.283120,12
2.284120,7
2.285120,4
2.286120,13
2.287120,1
2.288120,12
2.289120,7
2.290120,4
2.291120,13
2.292120,1
2.293124,12
2.294124,7
2.295124,4
2.296120,13
2.297120,1
2.298120,12
2.299128,7
2.300132,4
2.301120,13
2.302124,1
2.303120,12
2.304120,7
2.305124,4
2.306124,13
2.307124,1
2.308124,12
2.309124,7
2.310124,4
2.311124,13
2.312124,1
2.316128,13
2.317128,1
2.318124,12
2.319124,7
2.320124,4
2.321128,13
2.322124,1
2.323124,12
2.324128,7
2.325124,4
2.326124,13
2.327124,1
2.328128,12
2.329124,7
2.330128,4
2.331128,13
2.332128,1
2.333124,12
2.334128,7
2.335124,4
2.336128,13
2.337128,1
2.338128,12
2.339128,7
2.340128,4
2.341128,13
2.342136,1
2.343132,12
2.344128,7
2.345128,4
2.346128,13
2.347128,1
2.348128,12
2.349128,7
2.350128,4
2.351132,13
2.352128,1
2.353132,12
2.354132,7
2.355132,4
2.356128,13
2.360128,4
2.361132,13
2.362128,1
2.363132,12
2.364132,7
2.365128,4
2.366132,13
2.367132,1
2.368128,12
2.369132,7
2.370132,4
2.371136,13
2.372128,1
2.373136,12
2.374132,7
2.375132,4
2.376132,13
2.377132,1
2.378132,12
2.379136,7
2.380132,4
2.381132,13
2.382132,1
2.383132,12
2.384136,7
2.385140,4
2.386132,13
2.387136,1
2.388136,12
2.389136,7
2.390136,4
2.391132,13
2.392132,1
2.393136,12
2.394132,7
2.395136,4
2.396132,13
2.397136,1
2.398140,12
2.399136,7
2.400136,4
2.401136,13
2.405140,4
2.406140,13
2.407136,1
2.408140,12
2.409140,7
2.410136,4
2.411136,13
2.412140,1
2.413136,12
2.414136,7
2.415140,4
2.416140,13
2.417136,1
2.418140,12
2.419140,7
2.420136,4
2.421140,13
2.422140,1
2.423140,12
2.424140,7
2.425140,4
2.426136,13
2.427140,1
2.428148,12
2.429140,7
2.430144,4
2.431144,13
2.432140,1
2.433140,12
2.434144,7
2.435140,4
2.436144,13
2.437144,1
2.438144,12
2.439140,7
2.440144,4
2.441144,13
2.442144,1
2.443140,12
2.444144,7
2.445140,4
2.449140,7
2.450144,4
2.451148,13
2.452144,1
2.453144,12
2.454148,7
2.455140,4
2.456144,13
2.457148,1
2.458144,12
2.459144,7
2.460144,4
2.461148,13
2.462144,1
2.463148,12
2.464144,7
2.465144,4
2.466144,13
2.467148,1
2.468144,12
2.469148,7
2.470148,4
2.471152,13
2.472148,1
2.473148,12
2.474148,7
2.475148,4
2.476144,13
2.477148,1
2.478148,12
2.479148,7
2.480148,4
2.481148,13
2.482148,1
2.483148,12
2.484148,7
2.485144,4
2.486148,13
2.487148,1
2.488148,12
2.489148,7
2.493148,12
2.494152,7
2.495148,4
2.496152,13
2.497152,1
2.498152,12
2.499152,7
2.500148,4
2.501152,13
2.502152,1
2.503152,12
2.504152,7
2.505152,4
2.506148,13
2.507152,1
2.508152,12
2.509156,7
2.510152,4
2.511148,13
2.512156,1
2.513152,12
2.514156,7
2.515152,4
2.516152,13
2.517152,1
2.518156,12
2.519152,7
2.520152,4
2.521152,13
2.522156,1
2.523152,12
2.524152,7
2.525156,4
2.526156,13
2.527156,1
2.528152,12
2.529156,7
2.530156,4
2.531156,13
2.532156,1
2.533152,12
2.534152,7
2.538156,12
2.539156,7
2.540156,4
2.541156,13
2.542156,1
2.543156,12
2.544160,7
2.545156,4
2.546156,13
2.547156,1
2.548160,12
2.549156,7
2.550160,4
2.551160,13
2.552160,1
2.553156,12
2.554160,7
2.555156,4
2.556160,13
2.557168,1
2.558160,12
2.559156,7
2.560160,4
2.561160,13
2.562156,1
2.563160,12
2.564160,7
2.565160,4
2.566156,13
2.567164,1
2.568160,12
2.569160,7
2.570160,4
2.571164,13
2.572160,1
2.573160,12
2.574160,7
2.575160,4
2.576160,13
2.577164,1
2.578160,12
2.582164,1
2.583164,12
2.584164,7
2.585160,4
2.586160,13
2.587164,1
2.588164,12
2.589164,7
2.590164,4
2.591164,13
2.592164,1
2.593164,12
2.594164,7
2.595168,4
2.596168,13
2.597164,1
2.598164,12
2.599164,7
2.600172,4
2.601164,13
2.602164,1
2.603168,12
2.604164,7
2.605168,4
2.606168,13
2.607168,1
2.608164,12
2.609168,7
2.610164,4
2.611168,13
2.612168,1
2.613168,12
2.614164,7
2.615168,4
2.616164,13
2.617168,1
2.618164,12
2.619168,7
2.620168,4
2.621168,13
2.622168,1
2.626168,13
2.627168,1
2.628168,12
2.629168,7
2.630168,4
2.631168,13
2.632168,1
2.633172,12
2.634172,7
2.635172,4
2.636172,13
2.637168,1
2.638172,12
2.639172,7
2.640168,4
2.641168,13
2.642172,1
2.643176,12
2.644172,7
2.645172,4
2.646172,13
2.647172,1
2.648172,12
2.649172,7
2.650172,4
2.651176,13
2.652172,1
2.653172,12
2.654176,7
2.655172,4
2.656172,13
2.657172,1
2.658172,12
2.659172,7
2.660172,4
2.661176,13
2.662176,1
2.663172,12
2.664172,7
2.665176,4
2.666172,13
2.670172,4
2.671176,13
2.672176,1
2.673172,12
2.674176,7
2.675176,4
2.676176,13
2.677176,1
2.678180,12
2.679172,7
2.680180,4
2.681176,13
2.682176,1
2.683176,12
2.684176,7
2.685176,4
2.686184,13
2.687176,1
2.688176,12
2.689176,7
2.690176,4
2.691176,13
2.692176,1
2.693180,12
2.694180,7
2.695180,4
2.696180,13
2.697180,1
2.698176,12
2.699180,7
2.700180,4
2.701176,13
2.702180,1
2.703180,12
2.704180,7
2.705176,4
2.706180,13
2.707180,1
2.708180,12
2.709180,7
2.710184,4
2.711180,13
2.715180,4
2.716184,13
2.717184,1
2.718180,12
2.719184,7
2.720180,4
2.721184,13
2.722184,1
2.723184,12
2.724180,7
2.725180,4
2.726180,13
2.727184,1
2.728184,12
2.729192,7
2.730184,4
2.731184,13
2.732184,1
2.733184,12
2.734184,7
2.735184,4
2.736188,13
2.737184,1
2.738188,12
2.739184,7
2.740184,4
2.741184,13
2.742188,1
2.743184,12
2.744184,7
2.745184,4
2.746184,13
2.747184,1
2.748188,12
2.749184,7
2.750184,4
2.751184,13
2.752184,1
2.753184,12
2.754184,7
2.755188,4
2.759184,7
2.760184,4
2.761188,13
2.762188,1
2.763188,12
2.764188,7
2.765188,4
2.766188,13
2.767188,1
2.768192,12
2.769188,7
2.770192,4
2.771192,13
2.772196,1
2.773188,12
2.774192,7
2.775188,4
2.776192,13
2.777192,1
2.778192,12
2.779188,7
2.780192,4
2.781188,13
2.782192,1
2.783188,12
2.784192,7
2.785192,4
2.786188,13
2.787196,1
2.788192,12
2.789188,7
2.790192,4
2.791192,13
2.792192,1
2.793192,12
2.794196,7
2.795192,4
2.796192,13
2.797192,1
2.798192,12
2.799192,7
2.803192,12
2.804192,7
2.805192,4
2.806192,13
2.807192,1
2.808192,12
2.809192,7
2.810196,4
2.811196,13
2.812196,1
2.813196,12
2.814200,7
2.815200,4
2.816196,13
2.817196,1
2.818196,12
2.819200,7
2.820196,4
2.821196,13
2.822196,1
2.823196,12
2.824196,7
2.825196,4
2.826200,13
2.827196,1
2.828196,12
2.829196,7
2.830196,4
2.831196,13
2.832196,1
2.833200,12
2.834200,7
2.835196,4
2.836200,13
2.837200,1
2.838200,12
2.839200,7
2.840200,4
2.841200,13
2.842200,1
2.843200,12
2.844200,7
2.856204,13
2.857208,1
2.858200,12
2.859200,7
2.860200,4
2.861204,13
2.862200,1
2.863200,12
2.864204,7
2.865204,4
2.866204,13
2.867204,1
2.868204,12
2.869204,7
2.870200,4
2.871204,13
2.872204,1
2.873204,12
2.874204,7
2.875204,4
2.876204,13
2.877204,1
2.878208,12
2.879204,7
2.880204,4
2.881208,13
2.882204,1
2.883208,12
2.884208,7
2.885204,4
2.886208,13
2.887204,1
2.888208,12
2.889204,7
2.890208,4
2.891204,13
2.892208,1
2.893204,12
2.894208,7
2.895208,4
2.896208,13
2.900216,4
2.901208,13
2.902212,1
2.903204,12
2.904208,7
2.905208,4
2.906208,13
2.907208,1
2.908208,12
2.909208,7
2.910208,4
2.911212,13
2.912208,1
2.913208,12
2.914208,7
2.915208,4
2.916208,13
2.917208,1
2.918208,12
2.919208,7
2.920212,4
2.921212,13
2.922212,1
2.923212,12
2.924212,7
2.925208,4
2.926208,13
2.927212,1
2.928212,12
2.929212,7
2.930212,4
2.931212,13
2.932212,1
2.933212,12
2.934212,7
2.935212,4
2.936212,13
2.937212,1
2.938212,12
2.939216,7
2.940212,4
2.944212,7
2.945212,4
2.946216,13
2.947216,1
2.948212,12
2.949216,7
2.950216,4
2.951212,13
2.952216,1
2.953216,12
2.954212,7
2.955216,4
2.956216,13
2.957212,1
2.958216,12
2.959216,7
2.960216,4
2.961216,13
2.962216,1
2.963220,12
2.964216,7
2.965216,4
2.966216,13
2.967216,1
2.968220,12
2.969220,7
2.970216,4
2.971216,13
2.972220,1
2.973220,12
2.974216,7
2.975220,4
2.976220,13
2.977220,1
2.978220,12
2.979220,7
2.980216,4
2.981220,13
2.982220,1
2.983220,12
2.984216,7
2.985220,4
2.989220,7
2.990220,4
2.991220,13
2.992220,1
2.993220,12
2.994220,7
2.995220,4
2.996224,13
2.997224,1
2.998224,12
2.999220,7
3.000220,4
3.001220,13
3.002224,1
3.003220,12
3.004224,7
3.005224,4
3.006224,13
3.007224,1
3.008220,12
3.009224,7
3.010224,4
3.011220,13
3.012224,1
3.013224,12
3.014224,7
3.015224,4
3.016224,13
3.017224,1
3.018224,12
3.019224,7
3.020224,4
3.021224,13
3.022224,1
3.023228,12
3.024228,7
3.025224,4
3.026224,13
3.027228,1
3.028228,12
3.029232,7
3.033228,12
3.034228,7
3.035224,4
3.036224,13
3.037224,1
3.038228,12
3.039228,7
3.040228,4
3.041224,13
3.042228,1
3.043228,12
3.044228,7
3.045228,4
3.046228,13
3.047228,1
3.048228,12
3.049232,7
3.050228,4
3.051232,13
3.052228,1
3.053228,12
3.054232,7
3.055232,4
3.056228,13
3.057232,1
3.058228,12
3.059232,7
3.060232,4
3.061232,13
3.062232,1
3.063232,12
3.064232,7
3.065232,4
3.066232,13
3.067232,1
3.068232,12
3.069228,7
3.070232,4
3.071232,13
3.072240,1
3.073228,12
3.077232,1
3.078232,12
3.079232,7
3.080232,4
3.081232,13
3.082232,1
3.083236,12
3.084236,7
3.085236,4
3.086236,13
3.087236,1
3.088236,12
3.089236,7
3.090232,4
3.091232,13
3.092232,1
3.093236,12
3.094236,7
3.095236,4
3.096232,13
3.097236,1
3.098236,12
3.099236,7
3.100236,4
3.101232,13
3.102240,1
3.103236,12
3.104240,7
3.105236,4
3.106240,13
3.107236,1
3.108240,12
3.109236,7
3.110236,4
3.111236,13
3.112236,1
3.113240,12
3.114240,7
3.115244,4
3.116240,13
3.117236,1
3.121240,13
3.122240,1
3.123240,12
3.124240,7
3.125240,4
3.126240,13
3.127240,1
3.128240,12
3.129240,7
3.130240,4
3.131240,13
3.132240,1
3.133240,12
3.134244,7
3.135240,4
3.136240,13
3.137240,1
3.138240,12
3.139240,7
3.140244,4
3.141244,13
3.142244,1
3.143244,12
3.144244,7
3.145240,4
3.146244,13
3.147244,1
3.148244,12
3.149244,7
3.150244,4
3.151240,13
3.152244,1
3.153244,12
3.154244,7
3.155244,4
3.156244,13
3.157244,1
3.158248,12
3.159244,7
3.160244,4
3.161248,13
3.162244,1
3.166244,13
3.167248,1
3.168244,12
3.169248,7
3.170244,4
3.171248,13
3.172244,1
3.173248,12
3.174248,7
3.175248,4
3.176244,13
3.177248,1
3.178244,12
3.179248,7
3.180248,4
3.181248,13
3.182244,1
3.183248,12
3.184248,7
3.185252,4
3.186252,13
3.187248,1
3.188248,12
3.189248,7
3.190248,4
3.191248,13
3.192248,1
3.193248,12
3.194248,7
3.195248,4
3.196248,13
3.197248,1
3.198248,12
3.199252,7
3.200248,4
3.201256,13
3.202252,1
3.203252,12
3.204248,7
3.205252,4
3.206252,13
3.210248,4
3.211252,13
3.212252,1
3.213252,12
3.214252,7
3.215252,4
3.216256,13
3.217252,1
3.218252,12
3.219256,7
3.220256,4
3.221252,13
3.222256,1
3.223252,12
3.224256,7
3.225256,4
3.226252,13
3.227252,1
3.228256,12
3.229256,7
3.230256,4
3.231252,13
3.232256,1
3.233256,12
3.234256,7
3.235256,4
3.236256,13
3.237256,1
3.238252,12
3.239256,7
3.240256,4
3.241256,13
3.242256,1
3.243256,12
3.244264,7
3.245256,4
3.246256,13
3.247260,1
3.248256,12
3.249256,7
3.250260,4
3.254256,7
3.255256,4
3.256260,13
3.257260,1
3.258260,12
3.259256,7
3.260260,4
3.261260,13
3.262260,1
3.263256,12
3.264260,7
3.265260,4
3.266256,13
3.267264,1
3.268260,12
3.269260,7
3.270260,4
3.271260,13
3.272260,1
3.273264,12
3.274260,7
3.275260,4
3.276260,13
3.277260,1
3.278264,12
3.279264,7
3.280260,4
3.281264,13
3.282260,1
3.283264,12
3.284264,7
3.285264,4
3.286268,13
3.287268,1
3.288264,12
3.289264,7
3.290264,4
3.291264,13
3.292264,1
3.293260,12
3.294264,7
3.295264,4
3.299264,7
3.300264,4
3.301264,13
3.302264,1
3.303264,12
3.304264,7
3.305268,4
3.306268,13
3.307264,1
3.308264,12
3.309268,7
3.310264,4
3.311264,13
3.312264,1
3.313268,12
3.314268,7
3.315268,4
3.316264,13
3.317268,1
3.318268,12
3.319268,7
3.320268,4
3.321264,13
3.322268,1
3.323268,12
3.324268,7
3.325268,4
3.326268,13
3.327268,1
3.328268,12
3.329272,7
3.330272,4
3.331268,13
3.332272,1
3.333268,12
3.334268,7
3.335268,4
3.336272,13
3.337268,1
3.338272,12
3.339268,7
3.343272,12
3.344272,7
3.345272,4
3.346272,13
3.347272,1
3.348272,12
3.349272,7
3.350272,4
3.351268,13
3.352272,1
3.353272,12
3.354272,7
3.355272,4
3.356272,13
3.357272,1
3.358272,12
3.359272,7
3.360276,4
3.361272,13
3.362272,1
3.363272,12
3.364272,7
3.365272,4
3.366276,13
3.367276,1
3.368276,12
3.369276,7
3.370276,4
3.371272,13
3.372280,1
3.373272,12
3.374276,7
3.375276,4
3.376272,13
3.377276,1
3.378276,12
3.379276,7
3.380276,4
3.381276,13
3.382276,1
3.383272,12
3.387276,1
3.388276,12
3.389276,7
3.390280,4
3.391280,13
3.392276,1
3.393280,12
3.394276,7
3.395276,4
3.396276,13
3.397280,1
3.398276,12
3.399276,7
3.400276,4
3.401280,13
3.402280,1
3.403280,12
3.404280,7
3.405276,4
3.406276,13
3.407280,1
3.408280,12
3.409284,7
3.410280,4
3.411280,13
3.412280,1
3.413280,12
3.414280,7
3.415288,4
3.416280,13
3.417280,1
3.418280,12
3.419280,7
3.420280,4
3.421280,13
3.422280,1
3.423284,12
3.424280,7
3.425284,4
3.426280,13
3.427280,1
3.428284,12
3.432284,1
3.433284,12
3.434288,7
3.435284,4
3.436284,13
3.437284,1
3.438284,12
3.439284,7
3.440288,4
3.441284,13
3.442284,1
3.443284,12
3.444284,7
3.445284,4
3.446288,13
3.447284,1
3.448288,12
3.449284,7
3.450284,4
3.451284,13
3.452288,1
3.453284,12
3.454284,7
3.455288,4
3.456284,13
3.457288,1
3.458292,12
3.459288,7
3.460288,4
3.461288,13
3.462288,1
3.463284,12
3.464292,7
3.465288,4
3.466288,13
3.467292,1
3.468288,12
3.469288,7
3.470292,4
3.471292,13
3.472288,1
3.476288,13
3.477292,1
3.478292,12
3.479292,7
3.480292,4
3.481288,13
3.482288,1
3.483288,12
3.484292,7
3.485288,4
3.486292,13
3.487292,1
3.488292,12
3.489288,7
3.490292,4
3.491288,13
3.492292,1
3.493288,12
3.494292,7
3.495292,4
3.496292,13
3.497292,1
3.498292,12
3.499292,7
3.500292,4
3.501300,13
3.502292,1
3.503292,12
3.504292,7
3.505292,4
3.506292,13
3.507296,1
3.508292,12
3.509296,7
3.510296,4
3.511296,13
3.512292,1
3.513296,12
3.514296,7
3.515296,4
3.516296,13
3.520296,4
3.521296,13
3.522296,1
3.523296,12
3.524296,7
3.525296,4
3.526296,13
3.527296,1
3.528296,12
3.529300,7
3.530296,4
3.531296,13
3.532296,1
3.533300,12
3.534296,7
3.535300,4
3.536296,13
3.537296,1
3.538296,12
3.539300,7
3.540300,4
3.541300,13
3.542296,1
3.543300,12
3.544304,7
3.545300,4
3.546296,13
3.547300,1
3.548300,12
3.549304,7
3.550300,4
3.551300,13
3.552300,1
3.553304,12
3.554300,7
3.555300,4
3.556300,13
3.557300,1
3.558304,12
3.559300,7
3.560300,4
3.564304,7
3.565304,4
3.566304,13
3.567300,1
3.568304,12
3.569304,7
3.570300,4
3.571300,13
3.572304,1
3.573304,12
3.574304,7
3.575304,4
3.576304,13
3.577304,1
3.578304,12
3.579304,7
3.580300,4
3.581304,13
3.582304,1
3.583304,12
3.584304,7
3.585308,4
3.586304,13
3.587312,1
3.588304,12
3.589304,7
3.590308,4
3.591308,13
3.592308,1
3.593308,12
3.594308,7
3.595308,4
3.596304,13
3.597304,1
3.598308,12
3.599308,7
3.600304,4
3.601308,13
3.602308,1
3.603308,12
3.604308,7
3.605304,4
3.609308,7
3.610304,4
3.611308,13
3.612312,1
3.613308,12
3.614308,7
3.615308,4
3.616308,13
3.617308,1
3.618312,12
3.619312,7
3.620312,4
3.621312,13
3.622308,1
3.623308,12
3.624308,7
3.625308,4
3.626308,13
3.627312,1
3.628312,12
3.629308,7
3.630316,4
3.631312,13
3.632312,1
3.633312,12
3.634312,7
3.635312,4
3.636312,13
3.637308,1
3.638312,12
3.639316,7
3.640312,4
3.641312,13
3.642312,1
3.643312,12
3.644316,7
3.645316,4
3.646316,13
3.647316,1
3.648316,12
3.649316,7
3.654316,7
3.655316,4
3.656312,13
3.657316,1
3.658316,12
3.659312,7
3.660316,4
3.661312,13
3.662312,1
3.663316,12
3.664316,7
3.665316,4
3.666320,13
3.667316,1
3.668320,12
3.669316,7
3.670316,4
3.671316,13
3.672320,1
3.673324,12
3.674316,7
3.675320,4
3.676320,13
3.677316,1
3.678320,12
3.679320,7
3.680316,4
3.681316,13
3.682320,1
3.683320,12
3.684320,7
3.685320,4
3.686316,13
3.687320,1
3.688320,12
3.689320,7
3.690316,4
3.691320,13
3.692320,1
3.693320,12
3.694324,7
3.698324,12
3.699320,7
3.700324,4
3.701320,13
3.702320,1
3.703320,12
3.704320,7
3.705320,4
3.706324,13
3.707320,1
3.708324,12
3.709320,7
3.710324,4
3.711320,13
3.712324,1
3.713324,12
3.714324,7
3.715324,4
3.716332,13
3.717324,1
3.718324,12
3.719328,7
3.720324,4
3.721320,13
3.722324,1
3.723324,12
3.724324,7
3.725324,4
3.726324,13
3.727328,1
3.728324,12
3.729324,7
3.730324,4
3.731328,13
3.732324,1
3.733324,12
3.734328,7
3.735328,4
3.736324,13
3.737328,1
3.738328,12
3.739328,7
3.743324,12
3.744328,7
3.745324,4
3.746328,13
3.747328,1
3.748328,12
3.749328,7
3.750328,4
3.751328,13
3.752328,1
3.753332,12
3.754328,7
3.755332,4
3.756328,13
3.757328,1
3.758328,12
3.759336,7
3.760332,4
3.761328,13
3.762328,1
3.763332,12
3.764328,7
3.765328,4
3.766332,13
3.767332,1
3.768328,12
3.769332,7
3.770332,4
3.771332,13
3.772332,1
3.773332,12
3.774332,7
3.775332,4
3.776336,13
3.777332,1
3.778336,12
3.779332,7
3.780332,4
3.781332,13
3.782336,1
3.783332,12
3.787332,1
3.788336,12
3.789336,7
3.790336,4
3.791332,13
3.792336,1
3.793336,12
3.794336,7
3.795336,4
3.796336,13
3.797336,1
3.798336,12
3.799336,7
3.800340,4
3.801340,13
3.802344,1
3.803336,12
3.804336,7
3.805340,4
3.806336,13
3.807336,1
3.808336,12
3.809336,7
3.810336,4
3.811340,13
3.812336,1
3.813336,12
3.814336,7
3.815336,4
3.816336,13
3.817336,1
3.818340,12
3.819336,7
3.820340,4
3.821336,13
3.822340,1
3.823336,12
3.824340,7
3.825340,4
3.826340,13
3.827340,1
3.831344,13
3.832340,1
3.833336,12
3.834340,7
3.835340,4
3.836340,13
3.837340,1
3.838340,12
3.839340,7
3.840340,4
3.841340,13
3.842340,1
3.843340,12
3.844344,7
3.845352,4
3.846340,13
3.847340,1
3.848340,12
3.849340,7
3.850344,4
3.851344,13
3.852344,1
3.853344,12
3.854344,7
3.855344,4
3.856344,13
3.857344,1
3.858344,12
3.859348,7
3.860344,4
3.861344,13
3.862344,1
3.863344,12
3.864344,7
3.865344,4
3.866348,13
3.867344,1
3.868344,12
3.869348,7
3.870344,4
3.871348,13
3.875348,4
3.876348,13
3.877348,1
3.878348,12
3.879348,7
3.880348,4
3.881348,13
3.882348,1
3.883348,12
3.884348,7
3.885348,4
3.886352,13
3.887352,1
3.888352,12
3.889348,7
3.890348,4
3.891348,13
3.892352,1
3.893348,12
3.894348,7
3.895348,4
3.896348,13
3.897348,1
3.898352,12
3.899348,7
3.900348,4
3.901348,13
3.902348,1
3.903348,12
3.904348,7
3.905352,4
3.906352,13
3.907348,1
3.908348,12
3.909352,7
3.910352,4
3.911352,13
3.912352,1
3.913352,12
3.914348,7
3.915352,4
3.916352,13
3.920352,4
3.921352,13
3.922352,1
3.923352,12
3.924356,7
3.925352,4
3.926356,13
3.927356,1
3.928356,12
3.929352,7
3.930360,4
3.931356,13
3.932356,1
3.933356,12
3.934352,7
3.935352,4
3.936356,13
3.937352,1
3.938356,12
3.939352,7
3.940356,4
3.941356,13
3.942356,1
3.943356,12
3.944360,7
3.945356,4
3.946352,13
3.947356,1
3.948356,12
3.949360,7
3.950360,4
3.951356,13
3.952360,1
3.953360,12
3.954360,7
3.955360,4
3.956356,13
3.957356,1
3.958356,12
3.959356,7
3.960360,4
3.964356,7
3.965356,4
3.966356,13
3.967360,1
3.968360,12
3.969356,7
3.970360,4
3.971360,13
3.972360,1
3.973368,12
3.974360,7
3.975360,4
3.976360,13
3.977360,1
3.978360,12
3.979364,7
3.980360,4
3.981364,13
3.982364,1
3.983364,12
3.984360,7
3.985364,4
3.986360,13
3.987364,1
3.988364,12
3.989364,7
3.990364,4
3.991360,13
3.992364,1
3.993364,12
3.994364,7
3.995360,4
3.996360,13
3.997364,1
3.998360,12
3.999364,7
4.000364,4
4.001364,13
4.002364,1
4.003364,12
4.004364,7
4.008364,12
4.009364,7
4.010368,4
4.011364,13
4.012368,1
4.013364,12
4.014368,7
4.015364,4
4.016372,13
4.017364,1
4.018368,12
4.019368,7
4.020368,4
4.021364,13
4.022368,1
4.023364,12
4.024368,7
4.025368,4
4.026368,13
4.027368,1
4.028372,12
4.029364,7
4.030372,4
4.031372,13
4.032368,1
4.033372,12
4.034368,7
4.035368,4
4.036368,13
4.037368,1
4.038368,12
4.039368,7
4.040368,4
4.041368,13
4.042368,1
4.043372,12
4.044372,7
4.045368,4
4.046368,13
4.047372,1
4.048372,12
4.049368,7
4.053372,12
4.054372,7
4.055372,4
4.056376,13
4.057372,1
4.058372,12
4.059380,7
4.060372,4
4.061372,13
4.062376,1
4.063376,12
4.064372,7
4.065376,4
4.066372,13
4.067372,1
4.068372,12
4.069376,7
4.070376,4
4.071376,13
4.072376,1
4.073376,12
4.074376,7
4.075376,4
4.076376,13
4.077376,1
4.078376,12
4.079376,7
4.080372,4
