0.000384,14
0.011388,14
0.012388,14
0.013392,14
0.014392,14
0.015388,14
0.016392,14
0.017392,14
0.018388,14
0.019388,14
0.020388,14
0.021388,14
0.022392,14
0.023388,14
0.024392,14
0.025392,14
0.026400,14
0.027388,14
0.028388,14
0.029388,14
0.030388,14
0.031392,14
0.032392,14
0.033392,14
0.034392,14
0.035392,14
0.036392,14
0.037392,14
0.038396,14
0.039396,14
0.040392,14
0.041392,14
0.042392,14
0.043396,14
0.044392,14
0.045392,14
0.046396,14
0.047392,14
0.048396,14
0.049396,14
0.054396,14
0.055392,14
0.056396,14
0.057392,14
0.058396,14
0.059396,14
0.060396,14
0.061396,14
0.062396,14
0.063396,14
0.064392,14
0.065400,14
0.066396,14
0.067396,14
0.068404,14
0.069404,14
0.070396,14
0.071400,14
0.072396,14
0.073396,14
0.074400,14
0.075396,14
0.076400,14
0.077400,14
0.078400,14
0.079400,14
0.080400,14
0.081396,14
0.082396,14
0.083396,14
0.084396,14
0.085400,14
0.086396,14
0.087400,14
0.088400,14
0.089396,14
0.090404,14
0.091400,14
0.092400,14
0.096400,14
0.097400,14
0.098400,14
0.099400,14
0.100404,14
0.101404,14
0.102400,14
0.103400,14
0.104400,14
0.105404,14
0.106400,14
0.107404,14
0.108404,14
0.109404,14
0.110404,14
0.111412,14
0.112400,14
0.113400,14
0.114404,14
0.115400,14
0.116404,14
0.117404,14
0.118404,14
0.119404,14
0.120404,14
0.121408,14
0.122408,14
0.123408,14
0.124408,14
0.125404,14
0.126408,14
0.127408,14
0.128404,14
0.129404,14
0.130404,14
0.131404,14
0.132408,14
0.133408,14
0.134408,14
0.135408,14
0.139408,14
0.140404,14
0.141408,14
0.142408,14
0.143408,14
0.144408,14
0.145408,14
0.146404,14
0.147404,14
0.148408,14
0.149412,14
0.150408,14
0.151408,14
0.152408,14
0.153408,14
0.154416,14
0.155408,14
0.156408,14
0.157412,14
0.158412,14
0.159408,14
0.160412,14
0.161408,14
0.162412,14
0.163408,14
0.164412,14
0.165412,14
0.166412,14
0.167412,14
0.168412,14
0.169412,14
0.170412,14
0.171412,14
0.172408,14
0.173412,14
0.174412,14
0.175412,14
0.176412,14
0.177412,14
0.181412,14
0.182416,14
0.183412,14
0.184412,14
0.185412,14
0.186412,14
0.187416,14
0.188416,14
0.189416,14
0.190416,14
0.191412,14
0.192416,14
0.193416,14
0.194416,14
0.195416,14
0.196416,14
0.197420,14
0.198416,14
0.199416,14
0.200416,14
0.201416,14
0.202416,14
0.203416,14
0.204412,14
0.205416,14
0.206416,14
0.207416,14
0.208416,14
0.209416,14
0.210416,14
0.211416,14
0.212416,14
0.213420,14
0.214416,14
0.215420,14
0.216420,14
0.217416,14
0.218420,14
0.219416,14
0.223416,14
0.224416,14
0.225416,14
0.226416,14
0.227420,14
0.228416,14
0.229420,14
0.230420,14
0.231424,14
0.232420,14
0.233420,14
0.234424,14
0.235424,14
0.236420,14
0.237424,14
0.238420,14
0.239420,14
0.240428,14
0.241420,14
0.242424,14
0.243424,14
0.244424,14
0.245424,14
0.246420,14
0.247420,14
0.248420,14
0.249424,14
0.250420,14
0.251420,14
0.252424,14
0.253424,14
0.254420,14
0.255424,14
0.256424,14
0.257420,14
0.258428,14
0.259424,14
0.260424,14
0.261428,14
0.262424,14
0.266424,14
0.267428,14
0.268428,14
0.269428,14
0.270428,14
0.271424,14
0.272424,14
0.273424,14
0.274424,14
0.275428,14
0.276428,14
0.277428,14
0.278428,14
0.279428,14
0.280428,14
0.281424,14
0.282428,14
0.283436,14
0.284428,14
0.285424,14
0.286428,14
0.287428,14
0.288428,14
0.289424,14
0.290432,14
0.291432,14
0.292432,14
0.293428,14
0.294432,14
0.295428,14
0.296428,14
0.297428,14
0.298432,14
0.299428,14
0.300432,14
0.301428,14
0.302432,14
0.303428,14
0.304428,14
0.308428,14
0.309432,14
0.310432,14
0.311432,14
0.312432,14
0.313432,14
0.314432,14
0.315432,14
0.316432,14
0.317432,14
0.318432,14
0.319432,14
0.320432,14
0.321432,14
0.322432,14
0.323436,14
0.324432,14
0.325436,14
0.326440,14
0.327436,14
0.328432,14
0.329432,14
0.330436,14
0.331436,14
0.332432,14
0.333432,14
0.334436,14
0.335432,14
0.336432,14
0.337432,14
0.338436,14
0.339432,14
0.340436,14
0.341436,14
0.342436,14
0.343436,14
0.344436,14
0.345436,14
0.346436,14
0.347436,14
0.351436,14
0.352440,14
0.353440,14
0.354440,14
0.355440,14
0.356440,14
0.357436,14
0.358440,14
0.359436,14
0.360436,14
0.361436,14
0.362440,14
0.363440,14
0.364440,14
0.365440,14
0.366440,14
0.367440,14
0.368440,14
0.369444,14
0.370436,14
0.371440,14
0.372440,14
0.373440,14
0.374440,14
0.375440,14
0.376444,14
0.377444,14
0.378444,14
0.379444,14
0.380444,14
0.381440,14
0.382440,14
0.383440,14
0.384440,14
0.385444,14
0.386444,14
0.387440,14
0.388440,14
0.389444,14
0.393440,14
0.394440,14
0.395444,14
0.396444,14
0.397444,14
0.398444,14
0.399440,14
0.400440,14
0.401444,14
0.402444,14
0.403444,14
0.404444,14
0.405444,14
0.406444,14
0.407444,14
0.408448,14
0.409448,14
0.410444,14
0.411444,14
0.412452,14
0.413444,14
0.414444,14
0.415448,14
0.416444,14
0.417444,14
0.418448,14
0.419448,14
0.420448,14
0.421448,14
0.422444,14
0.423444,14
0.424444,14
0.425448,14
0.426444,14
0.427448,14
0.428448,14
0.429448,14
0.430448,14
0.431448,14
0.435448,14
0.436452,14
0.437448,14
0.438448,14
0.439448,14
0.440452,14
0.441452,14
0.442452,14
0.443452,14
0.444452,14
0.445448,14
0.446452,14
0.447452,14
0.448448,14
0.449448,14
0.450452,14
0.451452,14
0.452452,14
0.453452,14
0.454452,14
0.455456,14
0.456452,14
0.457456,14
0.458448,14
0.459452,14
0.460452,14
0.461452,14
0.462452,14
0.463456,14
0.464452,14
0.465452,14
0.466456,14
0.467456,14
0.468452,14
0.469452,14
0.470452,14
0.471452,14
0.472452,14
0.473456,14
0.474456,14
0.478456,14
0.479456,14
0.480456,14
0.481452,14
0.482456,14
0.483456,14
0.484456,14
0.485456,14
0.486456,14
0.487456,14
0.488456,14
0.489456,14
0.490460,14
0.491456,14
0.492456,14
0.493456,14
0.494456,14
0.495456,14
0.496460,14
0.497460,14
0.498464,14
0.499456,14
0.500460,14
0.501456,14
0.502456,14
0.503460,14
0.504460,14
0.505456,14
0.506460,14
0.507460,14
0.508460,14
0.509460,14
0.510460,14
0.511456,14
0.512460,14
0.513460,14
0.514460,14
0.515464,14
0.516460,14
0.520460,14
0.521464,14
0.522464,14
0.523464,14
0.524464,14
0.525460,14
0.526460,14
0.527460,14
0.528464,14
0.529460,14
0.530464,14
0.531464,14
0.532464,14
0.533460,14
0.534460,14
0.535460,14
0.536460,14
0.537464,14
0.538464,14
0.539460,14
0.540464,14
0.541472,14
0.542464,14
0.543468,14
0.544464,14
0.545464,14
0.546468,14
0.547464,14
0.548468,14
0.549464,14
0.550464,14
0.551464,14
0.552468,14
0.553468,14
0.554468,14
0.555468,14
0.556468,14
0.557464,14
0.558464,14
0.559464,14
0.563468,14
0.564468,14
0.565468,14
0.566464,14
0.567464,14
0.568468,14
0.569468,14
0.570468,14
0.571468,14
0.572468,14
0.573468,14
0.574468,14
0.575472,14
0.576468,14
0.577468,14
0.578472,14
0.579472,14
0.580468,14
0.581468,14
0.582468,14
0.583476,14
0.584476,14
0.585472,14
0.586472,14
0.587472,14
0.588472,14
0.589468,14
0.590468,14
0.591468,14
0.592472,14
0.593468,14
0.594472,14
0.595472,14
0.596472,14
0.597472,14
0.598476,14
0.599472,14
0.600472,14
0.601476,14
0.605472,14
0.606472,14
0.607476,14
0.608476,14
0.609476,14
0.610476,14
0.611476,14
0.612472,14
0.613472,14
0.614472,14
0.615476,14
0.616472,14
0.617476,14
0.618476,14
0.619476,14
0.620476,14
0.621472,14
0.622472,14
0.623472,14
0.624476,14
0.625472,14
0.626480,14
0.627484,14
0.628480,14
0.629476,14
0.630476,14
0.631476,14
0.632476,14
0.633476,14
0.634476,14
0.635480,14
0.636476,14
0.637476,14
0.638480,14
0.639476,14
0.640480,14
0.641480,14
0.642476,14
0.643480,14
0.647480,14
0.648480,14
0.649480,14
0.650480,14
0.651480,14
0.652480,14
0.653480,14
0.654480,14
0.655480,14
0.656476,14
0.657480,14
0.658480,14
0.659480,14
0.660480,14
0.661480,14
0.662484,14
0.663484,14
0.664484,14
0.665484,14
0.666484,14
0.667480,14
0.668480,14
0.669488,14
0.670480,14
0.671484,14
0.672484,14
0.673480,14
0.674480,14
0.675484,14
0.676480,14
0.677480,14
0.678484,14
0.679484,14
0.680484,14
0.681484,14
0.682484,14
0.683484,14
0.684484,14
0.685488,14
0.686484,14
0.690484,14
0.691484,14
0.692484,14
0.693484,14
0.694488,14
0.695484,14
0.696484,14
0.697488,14
0.698488,14
0.699488,14
0.700484,14
0.701488,14
0.702484,14
0.703488,14
0.704484,14
0.705488,14
0.706488,14
0.707488,14
0.708488,14
0.709488,14
0.710484,14
0.711488,14
0.712496,14
0.713488,14
0.714488,14
0.715488,14
0.716492,14
0.717488,14
0.718492,14
0.719492,14
0.720492,14
0.721488,14
0.722488,14
0.723488,14
0.724488,14
0.725488,14
0.726492,14
0.727488,14
0.728492,14
0.732492,14
0.733488,14
0.734492,14
0.735488,14
0.736492,14
0.737492,14
0.738492,14
0.739492,14
0.740496,14
0.741492,14
0.742492,14
0.743496,14
0.744492,14
0.745496,14
0.746492,14
0.747492,14
0.748496,14
0.749492,14
0.750496,14
0.751496,14
0.752496,14
0.753496,14
0.754492,14
0.755496,14
0.756496,14
0.757492,14
0.758492,14
0.759496,14
0.760496,14
0.761496,14
0.762496,14
0.763492,14
0.764492,14
0.765492,14
0.766496,14
0.767500,14
0.768496,14
0.769496,14
0.770496,14
0.774496,14
0.775496,14
0.776500,14
0.777496,14
0.778496,14
0.779496,14
0.780496,14
0.781500,14
0.782500,14
0.783500,14
0.784500,14
0.785496,14
0.786500,14
0.787500,14
0.788496,14
0.789496,14
0.790500,14
0.791500,14
0.792500,14
0.793500,14
0.794496,14
0.795504,14
0.796500,14
0.797500,14
0.798508,14
0.799500,14
0.800500,14
0.801500,14
0.802504,14
0.803500,14
0.804500,14
0.805504,14
0.806504,14
0.807504,14
0.808500,14
0.809500,14
0.810500,14
0.811504,14
0.812500,14
0.813504,14
0.817504,14
0.818500,14
0.819504,14
0.820504,14
0.821504,14
0.822504,14
0.823504,14
0.824504,14
0.825504,14
0.826504,14
0.827508,14
0.828504,14
0.829504,14
0.830508,14
0.831504,14
0.832508,14
0.833504,14
0.834504,14
0.835508,14
0.836504,14
0.837508,14
0.838508,14
0.839508,14
0.840508,14
0.841512,14
0.842504,14
0.843504,14
0.844504,14
0.845508,14
0.846508,14
0.847508,14
0.848508,14
0.849508,14
0.850508,14
0.851508,14
0.852508,14
0.853508,14
0.854508,14
0.855508,14
0.859508,14
0.860512,14
0.861512,14
0.862508,14
0.863512,14
0.864508,14
0.865508,14
0.866508,14
0.867508,14
0.868512,14
0.869512,14
0.870508,14
0.871508,14
0.872512,14
0.873508,14
0.874508,14
0.875508,14
0.876512,14
0.877508,14
0.878512,14
0.879512,14
0.880512,14
0.881512,14
0.882516,14
0.883516,14
0.884520,14
0.885512,14
0.886516,14
0.887512,14
0.888512,14
0.889512,14
0.890512,14
0.891516,14
0.892516,14
0.893512,14
0.894512,14
0.895516,14
0.896512,14
0.897512,14
0.898512,14
0.902516,14
0.903516,14
0.904516,14
0.905516,14
0.906516,14
0.907516,14
0.908516,14
0.909516,14
0.910516,14
0.911516,14
0.912516,14
0.913520,14
0.914516,14
0.915516,14
0.916516,14
0.917516,14
0.918516,14
0.919520,14
0.920516,14
0.921516,14
0.922520,14
0.923516,14
0.924520,14
0.925520,14
0.926520,14
0.927524,14
0.928520,14
0.929516,14
0.930516,14
0.931520,14
0.932520,14
0.933520,14
0.934520,14
0.935520,14
0.936520,14
0.937520,14
0.938520,14
0.939516,14
0.940520,14
0.944520,14
0.945524,14
0.946520,14
0.947524,14
0.948524,14
0.949520,14
0.950524,14
0.951520,14
0.952520,14
0.953520,14
0.954524,14
0.955520,14
0.956524,14
0.957524,14
0.958524,14
0.959524,14
0.960524,14
0.961524,14
0.962520,14
0.963524,14
0.964520,14
0.965524,14
0.966524,14
0.967524,14
0.968524,14
0.969524,14
0.970528,14
0.971524,14
0.972528,14
0.973524,14
0.974528,14
0.975524,14
0.976524,14
0.977524,14
0.978528,14
0.979528,14
0.980524,14
0.981524,14
0.982528,14
0.986528,14
0.987524,14
0.988528,14
0.989528,14
0.990528,14
0.991528,14
0.992524,14
0.993532,14
0.994532,14
0.995524,14
0.996528,14
0.997528,14
0.998528,14
0.999528,14
1.000528,14
1.001528,14
1.002532,14
1.003532,14
1.004532,14
1.005528,14
1.006528,14
1.007532,14
1.008532,14
1.009528,14
1.010528,14
1.011532,14
1.012532,14
1.013540,14
1.014532,14
1.015528,14
1.016528,14
1.017528,14
1.018532,14
1.019528,14
1.020532,14
1.021532,14
1.022532,14
1.023532,14
1.024536,14
1.025536,14
1.029532,14
1.030532,14
1.031532,14
1.032536,14
1.033532,14
1.034536,14
1.035536,14
1.036536,14
1.037536,14
1.038532,14
1.039532,14
1.040532,14
1.041536,14
1.042532,14
1.043536,14
1.044536,14
1.045536,14
1.046536,14
1.047532,14
1.048532,14
1.049532,14
1.050536,14
1.051536,14
1.052536,14
1.053536,14
1.054536,14
1.055536,14
1.056544,14
1.057536,14
1.058536,14
1.059536,14
1.060540,14
1.061536,14
1.062536,14
1.063540,14
1.064536,14
1.065540,14
1.066540,14
1.067540,14
1.071540,14
1.072540,14
1.073536,14
1.074540,14
1.075540,14
1.076540,14
1.077540,14
1.078544,14
1.079540,14
1.080540,14
1.081544,14
1.082544,14
1.083540,14
1.084540,14
1.085540,14
1.086540,14
1.087544,14
1.088540,14
1.089540,14
1.090544,14
1.091544,14
1.092544,14
1.093540,14
1.094544,14
1.095540,14
1.096540,14
1.097544,14
1.098544,14
1.099548,14
1.100544,14
1.101540,14
1.102544,14
1.103544,14
1.104544,14
1.105540,14
1.106544,14
1.107544,14
1.108544,14
1.109544,14
1.110544,14
1.114544,14
1.115548,14
1.116544,14
1.117544,14
1.118544,14
1.119548,14
1.120544,14
1.121548,14
1.122548,14
1.123544,14
1.124548,14
1.125544,14
1.126544,14
1.127548,14
1.128544,14
1.129548,14
1.130548,14
1.131548,14
1.132548,14
1.133548,14
1.134544,14
1.135548,14
1.136548,14
1.137548,14
1.138548,14
1.139552,14
1.140548,14
1.141556,14
1.142556,14
1.143552,14
1.144552,14
1.145552,14
1.146552,14
1.147548,14
1.148548,14
1.149548,14
1.150548,14
1.151548,14
1.152552,14
1.156552,14
1.157552,14
1.158552,14
1.159552,14
1.160552,14
1.161552,14
1.162552,14
1.163552,14
1.164556,14
1.165552,14
1.166556,14
1.167552,14
1.168552,14
1.169556,14
1.170552,14
1.171552,14
1.172552,14
1.173552,14
1.174552,14
1.175556,14
1.176556,14
1.177556,14
1.178556,14
1.179552,14
1.180556,14
1.181552,14
1.182556,14
1.183552,14
1.184560,14
1.185564,14
1.186556,14
1.187556,14
1.188556,14
1.189556,14
1.190556,14
1.191556,14
1.192560,14
1.193556,14
1.194556,14
1.198556,14
1.199560,14
1.200560,14
1.201556,14
1.202560,14
1.203556,14
1.204556,14
1.205560,14
1.206556,14
1.207560,14
1.208560,14
1.209560,14
1.210556,14
1.211560,14
1.212556,14
1.213556,14
1.214560,14
1.215556,14
1.216560,14
1.217560,14
1.218560,14
1.219560,14
1.220560,14
1.221560,14
1.222560,14
1.223560,14
1.224560,14
1.225564,14
1.226560,14
1.227568,14
1.228560,14
1.229564,14
1.230560,14
1.231560,14
1.232564,14
1.233564,14
1.234560,14
1.235564,14
1.236564,14
1.237564,14
1.241564,14
1.242564,14
1.243560,14
1.244560,14
1.245564,14
1.246564,14
1.247564,14
1.248564,14
1.249560,14
1.250564,14
1.251568,14
1.252564,14
1.253568,14
1.254568,14
1.255568,14
1.256568,14
1.257564,14
1.258564,14
1.259564,14
1.260564,14
1.261564,14
1.262568,14
1.263568,14
1.264568,14
1.265568,14
1.266568,14
1.267564,14
1.268564,14
1.269568,14
1.270576,14
1.271568,14
1.272568,14
1.273568,14
1.274568,14
1.275568,14
1.276572,14
1.277572,14
1.278572,14
1.279572,14
1.283568,14
1.284568,14
1.285572,14
1.286572,14
1.287572,14
1.288572,14
1.289568,14
1.290572,14
1.291568,14
1.292572,14
1.293568,14
1.294572,14
1.295568,14
1.296572,14
1.297572,14
1.298568,14
1.299572,14
1.300572,14
1.301568,14
1.302572,14
1.303568,14
1.304572,14
1.305572,14
1.306572,14
1.307576,14
1.308572,14
1.309572,14
1.310572,14
1.311572,14
1.312572,14
1.313580,14
1.314576,14
1.315572,14
1.316576,14
1.317572,14
1.318576,14
1.319576,14
1.320576,14
1.321572,14
1.325576,14
1.326576,14
1.327576,14
1.328576,14
1.329576,14
1.330576,14
1.331580,14
1.332576,14
1.333576,14
1.334576,14
1.335580,14
1.336576,14
1.337576,14
1.338576,14
1.339576,14
1.340580,14
1.341580,14
1.342580,14
1.343576,14
1.344576,14
1.345580,14
1.346576,14
1.347580,14
1.348576,14
1.349580,14
1.350580,14
1.351580,14
1.352580,14
1.353576,14
1.354576,14
1.355576,14
1.356588,14
1.357580,14
1.358580,14
1.359580,14
1.360580,14
1.361580,14
1.362580,14
1.363580,14
1.364584,14
1.368580,14
1.369580,14
1.370580,14
1.371584,14
1.372584,14
1.373584,14
1.374584,14
1.375584,14
1.376584,14
1.377580,14
1.378580,14
1.379580,14
1.380584,14
1.381580,14
1.382584,14
1.383584,14
1.384584,14
1.385580,14
1.386580,14
1.387584,14
1.388584,14
1.389584,14
1.390584,14
1.391580,14
1.392584,14
1.393588,14
1.394584,14
1.395588,14
1.396584,14
1.397584,14
1.398588,14
1.399592,14
1.400584,14
1.401584,14
1.402588,14
1.403584,14
1.404588,14
1.405588,14
1.406588,14
1.410588,14
1.411588,14
1.412588,14
1.413588,14
1.414588,14
1.415588,14
1.416588,14
1.417592,14
1.418588,14
1.419584,14
1.420588,14
1.421592,14
1.422588,14
1.423592,14
1.424588,14
1.425588,14
1.426592,14
1.427588,14
1.428592,14
1.429588,14
1.430592,14
1.431592,14
1.432588,14
1.433588,14
1.434588,14
1.435592,14
1.436588,14
1.437592,14
1.438592,14
1.439592,14
1.440592,14
1.441592,14
1.442600,14
1.443588,14
1.444592,14
1.445588,14
1.446592,14
1.447592,14
1.448592,14
1.449596,14
1.453596,14
1.454596,14
1.455592,14
1.456592,14
1.457592,14
1.458592,14
1.459596,14
1.460596,14
1.461596,14
1.462596,14
1.463596,14
1.464592,14
1.465592,14
1.466596,14
1.467596,14
1.468596,14
1.469596,14
1.470596,14
1.471596,14
1.472596,14
1.473592,14
1.474592,14
1.475596,14
1.476600,14
1.477596,14
1.478600,14
1.479596,14
1.480596,14
1.481596,14
1.482600,14
1.483596,14
1.484596,14
1.485600,14
1.486596,14
1.487596,14
1.488596,14
1.489596,14
1.490600,14
1.491600,14
1.495600,14
1.496600,14
1.497600,14
1.498600,14
1.499600,14
1.500596,14
1.501600,14
1.502600,14
1.503596,14
1.504600,14
1.505600,14
1.506604,14
1.507604,14
1.508600,14
1.509600,14
1.510600,14
1.511600,14
1.512600,14
1.513604,14
1.514604,14
1.515604,14
1.516604,14
1.517604,14
1.518600,14
1.519600,14
1.520600,14
1.521604,14
1.522604,14
1.523600,14
1.524604,14
1.525604,14
1.526600,14
1.527604,14
1.528608,14
1.529608,14
1.530608,14
1.531600,14
1.532604,14
1.533604,14
1.537604,14
1.538608,14
1.539608,14
1.540604,14
1.541608,14
1.542604,14
1.543604,14
1.544604,14
1.545608,14
1.546604,14
1.547608,14
1.548608,14
1.549608,14
1.550604,14
1.551608,14
1.552608,14
1.553608,14
1.554608,14
1.555608,14
1.556608,14
1.557608,14
1.558608,14
1.559608,14
1.560612,14
1.561612,14
1.562612,14
1.563608,14
1.564612,14
1.565608,14
1.566608,14
1.567608,14
1.568608,14
1.569612,14
1.570612,14
1.571616,14
1.572608,14
1.573612,14
1.574608,14
1.575608,14
1.576608,14
1.580612,14
1.581612,14
1.582616,14
1.583612,14
1.584612,14
1.585612,14
1.586612,14
1.587612,14
1.588612,14
1.589612,14
1.590612,14
1.591612,14
1.592616,14
1.593612,14
1.594612,14
1.595616,14
1.596612,14
1.597616,14
1.598612,14
1.599612,14
1.600616,14
1.601616,14
1.602616,14
1.603616,14
1.604616,14
1.605612,14
1.606616,14
1.607616,14
1.608616,14
1.609616,14
1.610616,14
1.611616,14
1.612616,14
1.613616,14
1.614624,14
1.615616,14
1.616616,14
1.617616,14
1.618616,14
1.622616,14
1.623616,14
1.624620,14
1.625620,14
1.626620,14
1.627616,14
1.628620,14
1.629616,14
1.630616,14
1.631616,14
1.632620,14
1.633620,14
1.634620,14
1.635620,14
1.636620,14
1.637616,14
1.638620,14
1.639620,14
1.640616,14
1.641620,14
1.642616,14
1.643620,14
1.644620,14
1.645620,14
1.646620,14
1.647620,14
1.648620,14
1.649620,14
1.650620,14
1.651620,14
1.652620,14
1.653620,14
1.654620,14
1.655624,14
1.656628,14
1.657628,14
1.658620,14
1.659624,14
1.660624,14
1.661620,14
1.665624,14
1.666624,14
1.667624,14
1.668624,14
1.669620,14
1.670628,14
1.671624,14
1.672624,14
1.673620,14
1.674624,14
1.675624,14
1.676624,14
1.677624,14
1.678624,14
1.679628,14
1.680628,14
1.681628,14
1.682628,14
1.683624,14
1.684628,14
1.685624,14
1.686628,14
1.687624,14
1.688628,14
1.689624,14
1.690628,14
1.691628,14
1.692624,14
1.693624,14
1.694628,14
1.695628,14
1.696624,14
1.697628,14
1.698628,14
1.699632,14
1.700636,14
1.701628,14
1.702624,14
1.703628,14
1.707628,14
1.708628,14
1.709628,14
1.710632,14
1.711632,14
1.712628,14
1.713628,14
1.714632,14
1.715632,14
1.716628,14
1.717628,14
1.718632,14
1.719628,14
1.720632,14
1.721632,14
1.722632,14
1.723632,14
1.724632,14
1.725636,14
1.726632,14
1.727632,14
1.728632,14
1.729636,14
1.730632,14
1.731632,14
1.732632,14
1.733632,14
1.734632,14
1.735632,14
1.736632,14
1.737636,14
1.738636,14
1.739632,14
1.740632,14
1.741632,14
1.742640,14
1.743640,14
1.744632,14
1.745636,14
1.749636,14
1.750632,14
1.751636,14
1.752636,14
1.753632,14
1.754636,14
1.755636,14
1.756640,14
1.757640,14
1.758636,14
1.759636,14
1.760640,14
1.761636,14
1.762636,14
1.763636,14
1.764636,14
1.765636,14
1.766640,14
1.767640,14
1.768640,14
1.769640,14
1.770636,14
1.771636,14
1.772636,14
1.773636,14
1.774636,14
1.775640,14
1.776640,14
1.777640,14
1.778640,14
1.779636,14
1.780640,14
1.781640,14
1.782640,14
1.783640,14
1.784640,14
1.785644,14
1.786640,14
1.787640,14
1.788640,14
1.792640,14
1.793640,14
1.794640,14
1.795640,14
1.796640,14
1.797644,14
1.798640,14
1.799644,14
1.800644,14
1.801644,14
1.802640,14
1.803640,14
1.804640,14
1.805640,14
1.806644,14
1.807644,14
1.808644,14
1.809644,14
1.810644,14
1.811644,14
1.812648,14
1.813648,14
1.814648,14
1.815648,14
1.816644,14
1.817644,14
1.818644,14
1.819644,14
1.820644,14
1.821648,14
1.822644,14
1.823644,14
1.824648,14
1.825648,14
1.826644,14
1.827644,14
1.828652,14
1.829644,14
1.830648,14
1.834648,14
1.835648,14
1.836648,14
1.837648,14
1.838648,14
1.839648,14
1.840644,14
1.841648,14
1.842648,14
1.843652,14
1.844648,14
1.845648,14
1.846648,14
1.847648,14
1.848652,14
1.849648,14
1.850648,14
1.851648,14
1.852648,14
1.853652,14
1.854652,14
1.855652,14
1.856652,14
1.857648,14
1.858652,14
1.859648,14
1.860652,14
1.861648,14
1.862652,14
1.863652,14
1.864652,14
1.865652,14
1.866652,14
1.867652,14
1.868652,14
1.869652,14
1.870652,14
1.871656,14
1.872652,14
1.876652,14
1.877652,14
1.878656,14
1.879656,14
1.880652,14
1.881652,14
1.882652,14
1.883652,14
1.884652,14
1.885656,14
1.886656,14
1.887656,14
1.888656,14
1.889656,14
1.890652,14
1.891652,14
1.892652,14
1.893656,14
1.894652,14
1.895656,14
1.896656,14
1.897656,14
1.898656,14
1.899660,14
1.900660,14
1.901660,14
1.902656,14
1.903660,14
1.904656,14
1.905656,14
1.906656,14
1.907660,14
1.908656,14
1.909660,14
1.910660,14
1.911656,14
1.912660,14
1.913656,14
1.914664,14
1.915656,14
1.919660,14
1.920660,14
1.921660,14
1.922660,14
1.923664,14
1.924664,14
1.925656,14
1.926660,14
1.927660,14
1.928660,14
1.929660,14
1.930664,14
1.931660,14
1.932660,14
1.933664,14
1.934664,14
1.935660,14
1.936660,14
1.937660,14
1.938660,14
1.939660,14
1.940664,14
1.941664,14
1.942664,14
1.943664,14
1.944660,14
1.945660,14
1.946660,14
1.947660,14
1.948664,14
1.949664,14
1.950664,14
1.951664,14
1.952664,14
1.953664,14
1.954664,14
1.955664,14
1.956664,14
1.957668,14
1.961664,14
1.962664,14
1.963668,14
1.964668,14
1.965664,14
1.966664,14
1.967668,14
1.968664,14
1.969664,14
1.970664,14
1.971664,14
1.972668,14
1.973668,14
1.974668,14
1.975668,14
1.976668,14
1.977668,14
1.978668,14
1.979668,14
1.980668,14
1.981668,14
1.982664,14
1.983668,14
1.984668,14
1.985672,14
1.986668,14
1.987668,14
1.988668,14
1.989668,14
1.990672,14
1.991668,14
1.992668,14
1.993668,14
1.994668,14
1.995672,14
1.996672,14
1.997668,14
1.998668,14
1.999672,14
2.000680,14
2.004672,14
2.005672,14
2.006672,14
2.007672,14
2.008672,14
2.009676,14
2.010672,14
2.011672,14
2.012676,14
2.013676,14
2.014672,14
2.015672,14
2.016672,14
2.017672,14
2.018672,14
2.019676,14
2.020676,14
2.021676,14
2.022676,14
2.023672,14
2.024672,14
2.025672,14
2.026672,14
2.027676,14
2.028672,14
2.029676,14
2.030676,14
2.031676,14
2.032672,14
2.033676,14
2.034676,14
2.035680,14
2.036672,14
2.037676,14
2.038676,14
2.039676,14
2.040676,14
2.041676,14
2.042680,14
2.046676,14
2.047676,14
2.048676,14
2.049680,14
2.050676,14
2.051680,14
2.052680,14
2.053680,14
2.054680,14
2.055676,14
2.056680,14
2.057680,14
2.058676,14
2.059680,14
2.060680,14
2.061680,14
2.062680,14
2.063680,14
2.064680,14
2.065676,14
2.066680,14
2.067680,14
2.068680,14
2.069680,14
2.070680,14
2.071680,14
2.072680,14
2.073680,14
2.074680,14
2.075684,14
2.076684,14
2.077680,14
2.078684,14
2.079680,14
2.080680,14
2.081684,14
2.082680,14
2.083684,14
2.084684,14
2.088684,14
2.089680,14
2.090684,14
2.091680,14
2.092684,14
2.093684,14
2.094684,14
2.095684,14
2.096684,14
2.097688,14
2.098684,14
2.099684,14
2.100684,14
2.101688,14
2.102684,14
2.103684,14
2.104688,14
2.105684,14
2.106688,14
2.107688,14
2.108688,14
2.109688,14
2.110684,14
2.111684,14
2.112684,14
2.113688,14
2.114684,14
2.115688,14
2.116688,14
2.117688,14
2.118688,14
2.119684,14
2.120684,14
2.121688,14
2.122688,14
2.123688,14
2.124688,14
2.125688,14
2.126688,14
2.127688,14
2.132688,14
2.133692,14
2.134688,14
2.135688,14
2.136692,14
2.137688,14
2.138692,14
2.139692,14
2.140692,14
2.141692,14
2.142688,14
2.143688,14
2.144692,14
2.145692,14
2.146692,14
2.147692,14
2.148692,14
2.149692,14
2.150692,14
2.151688,14
2.152696,14
2.153696,14
2.154688,14
2.155692,14
2.156692,14
2.157692,14
2.158692,14
2.159692,14
2.160692,14
2.161696,14
2.162696,14
2.163692,14
2.164696,14
2.165692,14
2.166692,14
2.167692,14
2.168692,14
2.169696,14
2.170692,14
2.174696,14
2.175692,14
2.176692,14
2.177696,14
2.178700,14
2.179696,14
2.180696,14
2.181696,14
2.182696,14
2.183700,14
2.184696,14
2.185696,14
2.186700,14
2.187700,14
2.188696,14
2.189696,14
2.190696,14
2.191696,14
2.192700,14
2.193700,14
2.194700,14
2.195700,14
2.196696,14
2.197696,14
2.198696,14
2.199696,14
2.200696,14
2.201700,14
2.202700,14
2.203700,14
2.204704,14
2.205700,14
2.206700,14
2.207700,14
2.208700,14
2.209700,14
2.210704,14
2.211700,14
2.212700,14
2.213704,14
2.217700,14
2.218700,14
2.219700,14
2.220704,14
2.221700,14
2.222704,14
2.223700,14
2.224704,14
2.225704,14
2.226704,14
2.227704,14
2.228704,14
2.229700,14
2.230700,14
2.231704,14
2.232700,14
2.233704,14
2.234704,14
2.235704,14
2.236704,14
2.237704,14
2.238704,14
2.239704,14
2.240708,14
2.241708,14
2.242704,14
2.243708,14
2.244704,14
2.245704,14
2.246708,14
2.247704,14
2.248708,14
2.249708,14
2.250708,14
2.251704,14
2.252708,14
2.253704,14
2.254708,14
2.255704,14
2.259708,14
2.260708,14
2.261708,14
2.262708,14
2.263708,14
2.264708,14
2.265708,14
2.266712,14
2.267708,14
2.268708,14
2.269708,14
2.270712,14
2.271712,14
2.272712,14
2.273712,14
2.274708,14
2.275712,14
2.276708,14
2.277708,14
2.278712,14
2.279708,14
2.280712,14
2.281712,14
2.282712,14
2.283708,14
2.284712,14
2.285708,14
2.286712,14
2.287712,14
2.288712,14
2.289712,14
2.290712,14
2.291712,14
2.292712,14
2.293708,14
2.294708,14
2.295712,14
2.296712,14
2.297712,14
2.301716,14
2.302712,14
2.303716,14
2.304716,14
2.305712,14
2.306716,14
2.307712,14
2.308712,14
2.309712,14
2.310712,14
2.311716,14
2.312716,14
2.313716,14
2.314716,14
2.315716,14
2.316712,14
2.317712,14
2.318716,14
2.319716,14
2.320716,14
2.321716,14
2.322716,14
2.323716,14
2.324720,14
2.325720,14
2.326716,14
2.327716,14
2.328720,14
2.329720,14
2.330716,14
2.331716,14
2.332716,14
2.333720,14
2.334716,14
2.335720,14
2.336720,14
2.337716,14
2.338720,14
2.339716,14
2.340716,14
2.344716,14
2.345720,14
2.346720,14
2.347716,14
2.348720,14
2.349720,14
2.350720,14
2.351720,14
2.352720,14
2.353720,14
2.354720,14
2.355720,14
2.356724,14
2.357720,14
2.358724,14
2.359724,14
2.360724,14
2.361720,14
2.362720,14
2.363724,14
2.364724,14
2.365720,14
2.366724,14
2.367720,14
2.368724,14
2.369720,14
2.370724,14
2.371720,14
2.372720,14
2.373724,14
2.374724,14
2.375724,14
2.376724,14
2.377724,14
2.378724,14
2.379724,14
2.380728,14
2.381724,14
2.382724,14
2.386728,14
2.387728,14
2.388724,14
2.389724,14
2.390728,14
2.391728,14
2.392728,14
2.393724,14
2.394728,14
2.395724,14
2.396728,14
2.397728,14
2.398728,14
2.399728,14
2.400728,14
2.401728,14
2.402728,14
2.403724,14
2.404724,14
2.405728,14
2.406728,14
2.407728,14
2.408728,14
2.409728,14
2.410728,14
2.411728,14
2.412732,14
2.413732,14
2.414732,14
2.415732,14
2.416728,14
2.417732,14
2.418728,14
2.419728,14
2.420732,14
2.421728,14
2.422732,14
2.423732,14
2.424732,14
2.428732,14
2.429736,14
2.430732,14
2.431732,14
2.432732,14
2.433732,14
2.434732,14
2.435732,14
2.436732,14
2.437732,14
2.438732,14
2.439732,14
2.440732,14
2.441732,14
2.442732,14
2.443732,14
2.444736,14
2.445736,14
2.446736,14
2.447736,14
2.448736,14
2.449732,14
2.450732,14
2.451732,14
2.452732,14
2.453736,14
2.454736,14
2.455736,14
2.456736,14
2.457736,14
2.458732,14
2.459740,14
2.460732,14
2.461736,14
2.462732,14
2.463736,14
2.464736,14
2.465736,14
2.466736,14
2.467740,14
2.471736,14
2.472740,14
2.473740,14
2.474736,14
2.475736,14
2.476740,14
2.477740,14
2.478740,14
2.479740,14
2.480736,14
2.481740,14
2.482740,14
2.483736,14
2.484736,14
2.485740,14
2.486740,14
2.487740,14
2.488740,14
2.489740,14
2.490740,14
2.491740,14
2.492740,14
2.493744,14
2.494740,14
2.495744,14
2.496740,14
2.497740,14
2.498740,14
2.499744,14
2.500744,14
2.501744,14
2.502744,14
2.503740,14
2.504744,14
2.505740,14
2.506744,14
2.507740,14
2.508744,14
2.509740,14
2.513744,14
2.514744,14
2.515748,14
2.516744,14
2.517740,14
2.518744,14
2.519744,14
2.520744,14
2.521744,14
2.522744,14
2.523744,14
2.524748,14
2.525748,14
2.526744,14
2.527748,14
2.528744,14
2.529744,14
2.530748,14
2.531744,14
2.532748,14
2.533748,14
2.534748,14
2.535748,14
2.536744,14
2.537744,14
2.538744,14
2.539748,14
2.540744,14
2.541748,14
2.542748,14
2.543748,14
2.544748,14
2.545752,14
2.546748,14
2.547748,14
2.548752,14
2.549748,14
2.550752,14
2.551748,14
2.552748,14
2.556748,14
2.557748,14
2.558756,14
2.559748,14
2.560748,14
2.561748,14
2.562748,14
2.563752,14
2.564752,14
2.565752,14
2.566752,14
2.567752,14
2.568752,14
2.569752,14
2.570752,14
2.571752,14
2.572752,14
2.573748,14
2.574752,14
2.575752,14
2.576752,14
2.577752,14
2.578752,14
2.579756,14
2.580756,14
2.581752,14
2.582756,14
2.583752,14
2.584752,14
2.585752,14
2.586756,14
2.587756,14
2.588756,14
2.589756,14
2.590756,14
2.591756,14
2.592752,14
2.593756,14
2.594752,14
2.598756,14
2.599756,14
2.600756,14
2.601764,14
2.602756,14
2.603760,14
2.604756,14
2.605760,14
2.606756,14
2.607756,14
2.608756,14
2.609760,14
2.610760,14
2.611760,14
2.612756,14
2.613760,14
2.614756,14
2.615756,14
2.616756,14
2.617756,14
2.618760,14
2.619760,14
2.620760,14
2.621760,14
2.622760,14
2.623756,14
2.624760,14
2.625760,14
2.626760,14
2.627760,14
2.628760,14
2.629760,14
2.630760,14
2.631760,14
2.632764,14
2.633760,14
2.634760,14
2.635760,14
2.636764,14
2.640760,14
2.641760,14
2.642760,14
2.643764,14
2.644768,14
2.645764,14
2.646764,14
2.647760,14
2.648760,14
2.649764,14
2.650760,14
2.651764,14
2.652764,14
2.653764,14
2.654764,14
2.655760,14
2.656760,14
2.657764,14
2.658764,14
2.659764,14
2.660764,14
2.661764,14
2.662764,14
2.663764,14
2.664768,14
2.665764,14
2.666764,14
2.667768,14
2.668768,14
2.669764,14
2.670764,14
2.671764,14
2.672764,14
2.673768,14
2.674764,14
2.675768,14
2.676768,14
2.677768,14
2.678764,14
2.679764,14
2.683768,14
2.684768,14
2.685768,14
2.686772,14
2.687776,14
2.688768,14
2.689768,14
2.690768,14
2.691768,14
2.692768,14
2.693768,14
2.694768,14
2.695768,14
2.696768,14
2.697772,14
2.698772,14
2.699772,14
2.700772,14
2.701768,14
2.702768,14
2.703768,14
2.704772,14
2.705768,14
2.706772,14
2.707772,14
2.708772,14
2.709772,14
2.710768,14
2.711768,14
2.712768,14
2.713772,14
2.714776,14
2.715772,14
2.716772,14
2.717772,14
2.718772,14
2.719772,14
2.720772,14
2.721772,14
2.733772,14
2.734772,14
2.735776,14
2.736772,14
2.737776,14
2.738776,14
2.739776,14
2.740776,14
2.741776,14
2.742772,14
2.743772,14
2.744776,14
2.745776,14
2.746776,14
2.747776,14
2.748776,14
2.749776,14
2.750780,14
2.751776,14
2.752776,14
2.753780,14
2.754780,14
2.755776,14
2.756776,14
2.757780,14
2.758780,14
2.759776,14
2.760780,14
2.761776,14
2.762780,14
2.763776,14
2.764780,14
2.765780,14
2.766780,14
2.767780,14
2.768776,14
2.769780,14
2.770780,14
2.771780,14
2.772788,14
2.776780,14
2.777780,14
2.778780,14
2.779780,14
2.780780,14
2.781780,14
2.782780,14
2.783784,14
2.784780,14
2.785784,14
2.786784,14
2.787780,14
2.788784,14
2.789780,14
2.790780,14
2.791784,14
2.792780,14
2.793784,14
2.794784,14
2.795784,14
2.796784,14
2.797780,14
2.798780,14
2.799784,14
2.800784,14
2.801784,14
2.802784,14
2.803784,14
2.804784,14
2.805784,14
2.806788,14
2.807784,14
2.808784,14
2.809788,14
2.810788,14
2.811784,14
2.812784,14
2.813784,14
2.814784,14
2.818788,14
2.819788,14
2.820784,14
2.821788,14
2.822788,14
2.823784,14
2.824788,14
2.825784,14
2.826788,14
2.827788,14
2.828788,14
2.829792,14
2.830788,14
2.831788,14
2.832792,14
2.833788,14
2.834792,14
2.835788,14
2.836788,14
2.837788,14
2.838792,14
2.839788,14
2.840792,14
2.841792,14
2.842788,14
2.843792,14
2.844788,14
2.845788,14
2.846792,14
2.847788,14
2.848792,14
2.849792,14
2.850792,14
2.851792,14
2.852792,14
2.853788,14
2.854792,14
2.855792,14
2.856792,14
2.860796,14
2.861792,14
2.862796,14
2.863796,14
2.864796,14
2.865792,14
2.866796,14
2.867792,14
2.868792,14
2.869792,14
2.870796,14
2.871792,14
2.872796,14
2.873796,14
2.874796,14
2.875792,14
2.876792,14
2.877792,14
2.878796,14
2.879796,14
2.880796,14
2.881796,14
2.882796,14
2.883796,14
2.884792,14
2.885792,14
2.886792,14
2.887796,14
2.888800,14
2.889796,14
2.890796,14
2.891796,14
2.892796,14
2.893796,14
2.894800,14
2.895796,14
2.896800,14
2.897800,14
2.898796,14
2.899796,14
2.903800,14
2.904800,14
2.905796,14
2.906800,14
2.907796,14
2.908800,14
2.909800,14
2.910800,14
2.911800,14
2.912800,14
2.913800,14
2.914800,14
2.915804,14
2.916800,14
2.917800,14
2.918804,14
2.919804,14
2.920800,14
2.921800,14
2.922800,14
2.923800,14
2.924804,14
2.925804,14
2.926800,14
2.927804,14
2.928800,14
2.929804,14
2.930800,14
2.931800,14
2.932804,14
2.933800,14
2.934804,14
2.935804,14
2.936804,14
2.937804,14
2.938804,14
2.939800,14
2.940800,14
2.941804,14
2.945808,14
2.946804,14
2.947804,14
2.948808,14
2.949808,14
2.950808,14
2.951808,14
2.952808,14
2.953804,14
2.954804,14
2.955804,14
2.956804,14
2.957808,14
2.958804,14
2.959808,14
2.960808,14
2.961804,14
2.962808,14
2.963804,14
2.964808,14
2.965808,14
2.966808,14
2.967808,14
2.968808,14
2.969808,14
2.970808,14
2.971808,14
2.972808,14
2.973808,14
2.974808,14
2.975812,14
2.976808,14
2.977808,14
2.978808,14
2.979808,14
2.980812,14
2.981808,14
2.982812,14
2.983808,14
2.987820,14
2.988812,14
2.989808,14
2.990812,14
2.991812,14
2.992812,14
2.993812,14
2.994808,14
2.995808,14
2.996808,14
2.997812,14
2.998812,14
2.999812,14
3.000812,14
3.001812,14
3.002816,14
3.003812,14
3.004812,14
3.005816,14
3.006816,14
3.007812,14
3.008816,14
3.009812,14
3.010812,14
3.011816,14
3.012812,14
3.013816,14
3.014816,14
3.015816,14
3.016812,14
3.017812,14
3.018812,14
3.019812,14
3.020816,14
3.021812,14
3.022816,14
3.023816,14
3.024816,14
3.025816,14
3.026816,14
3.030824,14
3.031820,14
3.032816,14
3.033816,14
3.034816,14
3.035820,14
3.036820,14
3.037820,14
3.038820,14
3.039816,14
3.040820,14
3.041816,14
3.042820,14
3.043816,14
3.044820,14
3.045820,14
3.046820,14
3.047820,14
3.048816,14
3.049820,14
3.050820,14
3.051820,14
3.052820,14
3.053820,14
3.054820,14
3.055820,14
3.056824,14
3.057820,14
3.058824,14
3.059820,14
3.060820,14
3.061820,14
3.062824,14
3.063820,14
3.064820,14
3.065820,14
3.066824,14
3.067820,14
3.068824,14
3.072824,14
3.073828,14
3.074820,14
3.075820,14
3.076824,14
3.077824,14
3.078824,14
3.079824,14
3.080824,14
3.081820,14
3.082828,14
3.083828,14
3.084820,14
3.085824,14
3.086824,14
3.087824,14
3.088824,14
3.089824,14
3.090824,14
3.091828,14
3.092828,14
3.093824,14
3.094828,14
3.095824,14
3.096824,14
3.097824,14
3.098824,14
3.099828,14
3.100824,14
3.101828,14
3.102828,14
3.103824,14
3.104828,14
3.105828,14
3.106828,14
3.107828,14
3.108828,14
3.109824,14
3.110828,14
3.111828,14
3.115832,14
3.116836,14
3.117828,14
3.118828,14
3.119828,14
3.120828,14
3.121828,14
3.122832,14
3.123832,14
3.124832,14
3.125832,14
3.126832,14
3.127828,14
3.128828,14
3.129828,14
3.130832,14
3.131828,14
3.132832,14
3.133832,14
3.134832,14
3.135832,14
3.136832,14
3.137832,14
3.138832,14
3.139836,14
3.140828,14
3.141832,14
3.142832,14
3.143832,14
3.144836,14
3.145832,14
3.146836,14
3.147836,14
3.148836,14
3.149832,14
3.150836,14
3.151832,14
3.152832,14
3.153836,14
3.157832,14
3.158836,14
3.159844,14
3.160832,14
3.161836,14
3.162832,14
3.163836,14
3.164832,14
3.165836,14
3.166836,14
3.167836,14
3.168836,14
3.169836,14
3.170832,14
3.171836,14
3.172840,14
3.173836,14
3.174836,14
3.175836,14
3.176840,14
3.177836,14
3.178840,14
3.179840,14
3.180840,14
3.181836,14
3.182840,14
3.183836,14
3.184840,14
3.185836,14
3.186840,14
3.187836,14
3.188840,14
3.189840,14
3.190836,14
3.191840,14
3.192840,14
3.193844,14
3.194836,14
3.195840,14
3.199844,14
3.200840,14
3.201840,14
3.202848,14
3.203840,14
3.204840,14
3.205840,14
3.206840,14
3.207840,14
3.208840,14
3.209844,14
3.210844,14
3.211844,14
3.212844,14
3.213844,14
3.214840,14
3.215844,14
3.216844,14
3.217844,14
3.218840,14
3.219844,14
3.220844,14
3.221844,14
3.222840,14
3.223848,14
3.224844,14
3.225844,14
3.226848,14
3.227844,14
3.228844,14
3.229844,14
3.230844,14
3.231844,14
3.232844,14
3.233848,14
3.234848,14
3.235848,14
3.236844,14
3.237848,14
3.238844,14
3.242848,14
3.243848,14
3.244848,14
3.245856,14
3.246848,14
3.247844,14
3.248848,14
3.249848,14
3.250848,14
3.251848,14
3.252848,14
3.253848,14
3.254848,14
3.255852,14
3.256848,14
3.257848,14
3.258852,14
3.259852,14
3.260848,14
3.261848,14
3.262848,14
3.263848,14
3.264852,14
3.265852,14
3.266848,14
3.267848,14
3.268852,14
3.269848,14
3.270848,14
3.271848,14
3.272848,14
3.273852,14
3.274852,14
3.275852,14
3.276852,14
3.277852,14
3.278852,14
3.279852,14
3.280852,14
3.284856,14
3.285852,14
3.286852,14
3.287856,14
3.288860,14
3.289856,14
3.290856,14
3.291852,14
3.292856,14
3.293852,14
3.294852,14
3.295856,14
3.296852,14
3.297856,14
3.298856,14
3.299856,14
3.300856,14
3.301852,14
3.302852,14
3.303852,14
3.304856,14
3.305852,14
3.306856,14
3.307856,14
3.308856,14
3.309856,14
3.310852,14
3.311860,14
3.312860,14
3.313856,14
3.314860,14
3.315856,14
3.316856,14
3.317856,14
3.318856,14
3.319856,14
3.320860,14
3.321856,14
3.322860,14
3.323860,14
3.327860,14
3.328860,14
3.329856,14
3.330864,14
3.331856,14
3.332860,14
3.333860,14
3.334860,14
3.335860,14
3.336864,14
3.337860,14
3.338856,14
3.339860,14
3.340860,14
3.341860,14
3.342860,14
3.343864,14
3.344864,14
3.345864,14
3.346860,14
3.347860,14
3.348864,14
3.349860,14
3.350864,14
3.351864,14
3.352860,14
3.353864,14
3.354860,14
3.355864,14
3.356860,14
3.357860,14
3.358860,14
3.359864,14
3.360860,14
3.361864,14
3.362864,14
3.363864,14
3.364864,14
3.365868,14
3.369864,14
3.370864,14
3.371868,14
3.372864,14
3.373872,14
3.374868,14
3.375864,14
3.376868,14
3.377868,14
3.378864,14
3.379868,14
3.380864,14
3.381864,14
3.382868,14
3.383864,14
3.384868,14
3.385868,14
3.386868,14
3.387868,14
3.388868,14
3.389872,14
3.390868,14
3.391868,14
3.392868,14
3.393872,14
3.394868,14
3.395868,14
3.396868,14
3.397868,14
3.398872,14
3.399872,14
3.400872,14
3.401868,14
3.402872,14
3.403868,14
3.404868,14
3.405868,14
3.406872,14
3.407872,14
3.411868,14
3.412868,14
3.413868,14
3.414872,14
3.415868,14
3.416876,14
3.417872,14
3.418872,14
3.419872,14
3.420868,14
3.421876,14
3.422876,14
3.423876,14
3.424872,14
3.425876,14
3.426872,14
3.427872,14
3.428872,14
3.429876,14
3.430872,14
3.431876,14
3.432872,14
3.433876,14
3.434876,14
3.435872,14
3.436872,14
3.437876,14
3.438872,14
3.439876,14
3.440876,14
3.441876,14
3.442876,14
3.443876,14
3.444872,14
3.445872,14
3.446876,14
3.447872,14
3.448876,14
3.449876,14
3.450876,14
3.454880,14
3.455876,14
3.456880,14
3.457876,14
3.458880,14
3.459884,14
3.460876,14
3.461880,14
3.462880,14
3.463880,14
3.464880,14
3.465880,14
3.466876,14
3.467876,14
3.468876,14
3.469876,14
3.470880,14
3.471880,14
3.472880,14
3.473880,14
3.474880,14
3.475876,14
3.476880,14
3.477880,14
3.478884,14
3.479876,14
3.480880,14
3.481880,14
3.482880,14
3.483880,14
3.484884,14
3.485884,14
3.486880,14
3.487880,14
3.488880,14
3.489884,14
3.490880,14
3.491880,14
3.492884,14
3.497884,14
3.498884,14
3.499880,14
3.500880,14
3.501884,14
3.502892,14
3.503884,14
3.504884,14
3.505884,14
3.506884,14
3.507888,14
3.508884,14
3.509884,14
3.510884,14
3.511884,14
3.512884,14
3.513884,14
3.514884,14
3.515884,14
3.516888,14
3.517884,14
3.518888,14
3.519888,14
3.520884,14
3.521888,14
3.522884,14
3.523884,14
3.524888,14
3.525884,14
3.526888,14
3.527888,14
3.528888,14
3.529888,14
3.530888,14
3.531884,14
3.532884,14
3.533888,14
3.534892,14
3.535888,14
3.539888,14
3.540888,14
3.541888,14
3.542892,14
3.543892,14
3.544888,14
3.545896,14
3.546892,14
3.547888,14
3.548888,14
3.549892,14
3.550892,14
3.551892,14
3.552892,14
3.553888,14
3.554888,14
3.555888,14
3.556888,14
3.557892,14
3.558888,14
3.559892,14
3.560892,14
3.561892,14
3.562896,14
3.563892,14
3.564892,14
3.565892,14
3.566892,14
3.567892,14
3.568892,14
3.569892,14
3.570892,14
3.571892,14
3.572896,14
