0.000976,2
0.010976,13
0.011976,12
0.012976,10
0.013980,8
0.014980,6
0.015980,4
0.016980,3
0.017980,1
0.018980,1
0.019976,1
0.020980,2
0.021976,3
0.022976,5
0.023980,7
0.024980,8
0.025980,10
0.026980,12
0.027980,13
0.028976,14
0.029976,14
0.030976,13
0.031980,12
0.032980,10
0.033980,8
0.034980,6
0.035980,4
0.036980,3
0.037980,1
0.038980,1
0.039984,1
0.040980,2
0.041980,3
0.042984,5
0.043980,7
0.044980,8
0.045984,10
0.046980,12
0.047984,13
0.048988,14
0.049984,14
0.050984,13
0.054980,6
0.055980,4
0.056980,3
0.057984,1
0.058980,1
0.059984,1
0.060984,2
0.061984,3
0.062984,5
0.063988,7
0.064984,8
0.065984,10
0.066984,12
0.067988,13
0.068984,14
0.069988,14
0.070984,13
0.071984,12
0.072988,10
0.073984,8
0.074988,6
0.075984,4
0.076984,3
0.077984,1
0.078988,1
0.079984,1
0.080988,2
0.081988,3
0.082984,5
0.083988,7
0.084984,8
0.085984,10
0.086988,12
0.087984,13
0.088988,14
0.089988,14
0.090988,13
0.091996,12
0.092988,10
0.093988,8
0.094988,6
0.098992,1
0.099988,1
0.100988,2
0.101992,3
0.102992,5
0.103988,7
0.104992,8
0.105988,10
0.106988,12
0.107988,13
0.108992,14
0.109992,14
0.110992,13
0.111992,12
0.112988,10
0.113992,8
0.114988,6
0.115992,4
0.116992,3
0.117992,1
0.118992,1
0.119992,1
0.120992,2
0.121992,3
0.122992,5
0.123992,7
0.124992,8
0.125992,10
0.126992,12
0.127992,13
0.128992,14
0.129996,14
0.130992,13
0.131992,12
0.132992,10
0.133996,8
0.135000,6
0.135992,4
0.136996,3
0.137996,1
0.138992,1
0.142996,5
0.143996,7
0.144992,8
0.145996,10
0.146992,12
0.147992,13
0.148992,14
0.149996,14
0.150996,13
0.151996,12
0.152996,10
0.153996,8
0.154996,6
0.156000,4
0.156996,3
0.158000,1
0.158996,1
0.160000,1
0.160996,2
0.161996,3
0.162996,5
0.163996,7
0.164996,8
0.166000,10
0.166996,12
0.168000,13
0.168996,14
0.170000,14
0.171000,13
0.172000,12
0.173000,10
0.174000,8
0.175000,6
0.176004,4
0.177000,3
0.178004,1
0.178996,1
0.180004,1
0.181000,2
0.182000,3
0.183000,5
0.184004,7
0.188000,13
0.189004,14
0.190004,14
0.191004,13
0.192000,12
0.193004,10
0.194000,8
0.195000,6
0.196004,4
0.197004,3
0.198000,1
0.199000,1
0.200004,1
0.201004,2
0.202004,3
0.203004,5
0.204004,7
0.205004,8
0.206000,10
0.207004,12
0.208004,13
0.209004,14
0.210008,14
0.211004,13
0.212004,12
0.213004,10
0.214004,8
0.215008,6
0.216004,4
0.217004,3
0.218004,1
0.219004,1
0.220004,1
0.221012,2
0.222004,3
0.223008,5
0.224008,7
0.225004,8
0.226008,10
0.227008,12
0.228004,13
0.232008,12
0.233008,10
0.234004,8
0.235012,6
0.236012,4
0.237012,3
0.238012,1
0.239008,1
0.240008,1
0.241008,2
0.242008,3
0.243008,5
0.244012,7
0.245012,8
0.246012,10
0.247012,12
0.248008,13
0.249008,14
0.250008,14
0.251008,13
0.252008,12
0.253012,10
0.254008,8
0.255012,6
0.256012,4
0.257012,3
0.258012,1
0.259012,1
0.260012,1
0.261012,2
0.262012,3
0.263012,5
0.264016,7
0.265012,8
0.266012,10
0.267016,12
0.268012,13
0.269012,14
0.270012,14
0.271012,13
0.272012,12
0.276016,4
0.277012,3
0.278016,1
0.279016,1
0.280016,1
0.281016,2
0.282016,3
0.283012,5
0.284016,7
0.285016,8
0.286016,10
0.287016,12
0.288016,13
0.289016,14
0.290016,14
0.291012,13
0.292016,12
0.293016,10
0.294016,8
0.295016,6
0.296020,4
0.297016,3
0.298016,1
0.299016,1
0.300016,1
0.301020,2
0.302016,3
0.303020,5
0.304020,7
0.305016,8
0.306024,10
0.307024,12
0.308016,13
0.309020,14
0.310020,14
0.311020,13
0.312016,12
0.313020,10
0.314020,8
0.315020,6
0.316020,4
0.317024,3
0.321024,2
0.322020,3
0.323024,5
0.324020,7
0.325020,8
0.326020,10
0.327024,12
0.328020,13
0.329020,14
0.330020,14
0.331024,13
0.332024,12
0.333020,10
0.334024,8
0.335024,6
0.336020,4
0.337020,3
0.338020,1
0.339020,1
0.340024,1
0.341020,2
0.342024,3
0.343024,5
0.344024,7
0.345024,8
0.346020,10
0.347024,12
0.348024,13
0.349028,14
0.350032,14
0.351024,13
0.352024,12
0.353024,10
0.354024,8
0.355028,6
0.356028,4
0.357024,3
0.358024,1
0.359028,1
0.360028,1
0.361024,2
0.365028,8
0.366028,10
0.367028,12
0.368028,13
0.369024,14
0.370024,14
0.371028,13
0.372028,12
0.373028,10
0.374028,8
0.375028,6
0.376028,4
0.377028,3
0.378032,1
0.379028,1
0.380028,1
0.381028,2
0.382028,3
0.383028,5
0.384032,7
0.385028,8
0.386032,10
0.387028,12
0.388032,13
0.389032,14
0.390032,14
0.391028,13
0.392040,12
0.393028,10
0.394032,8
0.395032,6
0.396032,4
0.397032,3
0.398032,1
0.399032,1
0.400032,1
0.401032,2
0.402032,3
0.403032,5
0.404032,7
0.405036,8
0.409036,14
0.410036,14
0.411036,13
0.412036,12
0.413036,10
0.414032,8
0.415036,6
0.416032,4
0.417032,3
0.418036,1
0.419032,1
0.420036,1
0.421036,2
0.422036,3
0.423036,5
0.424036,7
0.425036,8
0.426036,10
0.427036,12
0.428036,13
0.429040,14
0.430036,14
0.431036,13
0.432040,12
0.433036,10
0.434036,8
0.435044,6
0.436036,4
0.437040,3
0.438036,1
0.439040,1
0.440036,1
0.441040,2
0.442036,3
0.443040,5
0.444040,7
0.445040,8
0.446040,10
0.447036,12
0.448036,13
0.449040,14
0.450036,14
0.455040,6
0.456040,4
0.457040,3
0.458040,1
0.459040,1
0.460040,1
0.461040,2
0.462040,3
0.463040,5
0.464040,7
0.465044,8
0.466040,10
0.467040,12
0.468044,13
0.469040,14
0.470044,14
0.471040,13
0.472044,12
0.473040,10
0.474044,8
0.475044,6
0.476040,4
0.477044,3
0.478052,1
0.479044,1
0.480044,1
0.481044,2
0.482044,3
0.483040,5
0.484044,7
0.485044,8
0.486044,10
0.487044,12
0.488048,13
0.489044,14
0.490044,14
0.491048,13
0.492044,12
0.493048,10
0.494044,8
0.495044,6
0.499048,1
0.500048,1
0.501044,2
0.502048,3
0.503044,5
0.504048,7
0.505044,8
0.506044,10
0.507048,12
0.508044,13
0.509048,14
0.510048,14
0.511048,13
0.512048,12
0.513048,10
0.514048,8
0.515052,6
0.516052,4
0.517048,3
0.518052,1
0.519048,1
0.520048,1
0.521052,2
0.522052,3
0.523052,5
0.524052,7
0.525052,8
0.526052,10
0.527048,12
0.528048,13
0.529048,14
0.530052,14
0.531048,13
0.532052,12
0.533052,10
0.534048,8
0.535052,6
0.536048,4
0.537048,3
0.538048,1
0.539052,1
0.543052,5
0.544052,7
0.545052,8
0.546056,10
0.547056,12
0.548052,13
0.549056,14
0.550052,14
0.551052,13
0.552056,12
0.553052,10
0.554056,8
0.555052,6
0.556056,4
0.557056,3
0.558052,1
0.559056,1
0.560056,1
0.561056,2
0.562056,3
0.563052,5
0.564060,7
0.565052,8
0.566056,10
0.567060,12
0.568056,13
0.569056,14
0.570060,14
0.571060,13
0.572056,12
0.573056,10
0.574056,8
0.575056,6
0.576056,4
0.577060,3
0.578060,1
0.579060,1
0.580060,1
0.581060,2
0.582056,3
0.583056,5
0.587060,12
0.588060,13
0.589060,14
0.590060,14
0.591060,13
0.592064,12
0.593064,10
0.594056,8
0.595060,6
0.596060,4
0.597060,3
0.598060,1
0.599060,1
0.600064,1
0.601064,2
0.602064,3
0.603064,5
0.604060,7
0.605060,8
0.606060,10
0.607068,12
0.608060,13
0.609064,14
0.610064,14
0.611064,13
0.612064,12
0.613060,10
0.614060,8
0.615060,6
0.616064,4
0.617060,3
0.618064,1
0.619060,1
0.620064,1
0.621064,2
0.622060,3
0.623068,5
0.624064,7
0.625064,8
0.626068,10
0.627064,12
0.628064,13
0.632064,12
0.633068,10
0.634068,8
0.635068,6
0.636068,4
0.637064,3
0.638064,1
0.639064,1
0.640064,1
0.641068,2
0.642068,3
0.643068,5
0.644068,7
0.645068,8
0.646068,10
0.647068,12
0.648068,13
0.649068,14
0.650072,14
0.651068,13
0.652068,12
0.653068,10
0.654072,8
0.655068,6
0.656068,4
0.657068,3
0.658068,1
0.659072,1
0.660072,1
0.661068,2
0.662068,3
0.663072,5
0.664068,7
0.665072,8
0.666072,10
0.667072,12
0.668072,13
0.669068,14
0.670072,14
0.671072,13
0.672072,12
0.676072,4
0.677076,3
0.678072,1
0.679068,1
0.680072,1
0.681072,2
0.682072,3
0.683072,5
0.684072,7
0.685072,8
0.686072,10
0.687076,12
0.688076,13
0.689076,14
0.690076,14
0.691076,13
0.692072,12
0.693080,10
0.694072,8
0.695072,6
0.696076,4
0.697076,3
0.698076,1
0.699076,1
0.700076,1
0.701076,2
0.702072,3
0.703076,5
0.704076,7
0.705076,8
0.706076,10
0.707076,12
0.708076,13
0.709076,14
0.710076,14
0.711076,13
0.712076,12
0.713080,10
0.714076,8
0.715076,6
0.716076,4
0.720076,1
0.721080,2
0.722080,3
0.723076,5
0.724076,7
0.725076,8
0.726076,10
0.727080,12
0.728080,13
0.729080,14
0.730080,14
0.731080,13
0.732080,12
0.733080,10
0.734084,8
0.735084,6
0.736088,4
0.737080,3
0.738080,1
0.739080,1
0.740080,1
0.741084,2
0.742080,3
0.743084,5
0.744084,7
0.745084,8
0.746080,10
0.747080,12
0.748080,13
0.749080,14
0.750084,14
0.751084,13
0.752080,12
0.753084,10
0.754080,8
0.755084,6
0.756080,4
0.757080,3
0.758084,1
0.759084,1
0.760084,1
0.761084,2
0.765084,8
0.766084,10
0.767088,12
0.768084,13
0.769088,14
0.770084,14
0.771084,13
0.772084,12
0.773088,10
0.774084,8
0.775088,6
0.776088,4
0.777088,3
0.778088,1
0.779096,1
0.780084,1
0.781084,2
0.782088,3
0.783084,5
0.784088,7
0.785088,8
0.786088,10
0.787088,12
0.788088,13
0.789088,14
0.790088,14
0.791088,13
0.792088,12
0.793088,10
0.794088,8
0.795088,6
0.796088,4
0.797088,3
0.798092,1
0.799092,1
0.800092,1
0.801092,2
0.802088,3
0.803088,5
0.804088,7
0.805088,8
0.809092,14
0.810092,14
0.811092,13
0.812092,12
0.813088,10
0.814092,8
0.815088,6
0.816092,4
0.817092,3
0.818092,1
0.819092,1
0.820096,1
0.821092,2
0.822096,3
0.823092,5
0.824096,7
0.825092,8
0.826092,10
0.827092,12
0.828092,13
0.829096,14
0.830096,14
0.831096,13
0.832096,12
0.833096,10
0.834092,8
0.835092,6
0.836092,4
0.837096,3
0.838092,1
0.839096,1
0.840096,1
0.841096,2
0.842096,3
0.843100,5
0.844096,7
0.845096,8
0.846100,10
0.847096,12
0.848096,13
0.849096,14
0.853096,10
0.854100,8
0.855096,6
0.856100,4
0.857096,3
0.858096,1
0.859096,1
0.860096,1
0.861100,2
0.862096,3
0.863100,5
0.864104,7
0.865104,8
0.866100,10
0.867100,12
0.868100,13
0.869100,14
0.870100,14
0.871100,13
0.872100,12
0.873100,10
0.874100,8
0.875100,6
0.876100,4
0.877100,3
0.878100,1
0.879100,1
0.880100,1
0.881100,2
0.882100,3
0.883104,5
0.884104,7
0.885104,8
0.886100,10
0.887100,12
0.888100,13
0.889104,14
0.890104,14
0.891104,13
0.892100,12
0.893104,10
0.897104,3
0.898108,1
0.899104,1
0.900104,1
0.901108,2
0.902104,3
0.903104,5
0.904108,7
0.905104,8
0.906108,10
0.907112,12
0.908112,13
0.909104,14
0.910108,14
0.911104,13
0.912104,12
0.913104,10
0.914108,8
0.915104,6
0.916108,4
0.917104,3
0.918108,1
0.919108,1
0.920108,1
0.921104,2
0.922104,3
0.923108,5
0.924108,7
0.925108,8
0.926108,10
0.927108,12
0.928108,13
0.929112,14
0.930108,14
0.931108,13
0.932112,12
0.933112,10
0.934108,8
0.935108,6
0.936112,4
0.937108,3
0.938112,1
0.942112,3
0.943112,5
0.944108,7
0.945108,8
0.946108,10
0.947112,12
0.948112,13
0.949112,14
0.950116,14
0.951120,13
0.952116,12
0.953112,10
0.954112,8
0.955112,6
0.956112,4
0.957112,3
0.958116,1
0.959112,1
0.960112,1
0.961112,2
0.962116,3
0.963116,5
0.964112,7
0.965112,8
0.966116,10
0.967112,12
0.968112,13
0.969112,14
0.970116,14
0.971116,13
0.972112,12
0.973116,10
0.974112,8
0.975116,6
0.976112,4
0.977116,3
0.978116,1
0.979112,1
0.980116,1
0.981116,2
0.982112,3
0.986116,10
0.987120,12
0.988116,13
0.989120,14
0.990116,14
0.991116,13
0.992116,12
0.993124,10
0.994124,8
0.995116,6
0.996120,4
0.997120,3
0.998120,1
0.999116,1
1.000120,1
1.001120,2
1.002116,3
1.003120,5
1.004120,7
1.005120,8
1.006120,10
1.007116,12
1.008116,13
1.009116,14
1.010120,14
1.011124,13
1.012120,12
1.013120,10
1.014120,8
1.015120,6
1.016120,4
1.017124,3
1.018124,1
1.019124,1
1.020124,1
1.021124,2
1.022120,3
1.023120,5
1.024120,7
1.025124,8
1.026124,10
1.034124,8
1.035128,6
1.036128,4
1.037124,3
1.038124,1
1.039124,1
1.040128,1
1.041128,2
1.042124,3
1.043124,5
1.044124,7
1.045128,8
1.046124,10
1.047124,12
1.048128,13
1.049124,14
1.050128,14
1.051128,13
1.052124,12
1.053124,10
1.054128,8
1.055128,6
1.056128,4
1.057128,3
1.058128,1
1.059128,1
1.060128,1
1.061128,2
1.062128,3
1.063132,5
1.064128,7
1.065128,8
1.066124,10
1.067128,12
1.068128,13
1.069128,14
1.070128,14
1.071132,13
1.072132,12
1.073132,10
1.074132,8
1.075128,6
1.079136,1
1.080132,1
1.081128,2
1.082132,3
1.083132,5
1.084132,7
1.085128,8
1.086128,10
1.087128,12
1.088132,13
1.089136,14
1.090132,14
1.091132,13
1.092132,12
1.093132,10
1.094136,8
1.095132,6
1.096132,4
1.097132,3
1.098132,1
1.099132,1
1.100136,1
1.101132,2
1.102132,3
1.103136,5
1.104136,7
1.105136,8
1.106136,10
1.107136,12
1.108132,13
1.109132,14
1.110132,14
1.111136,13
1.112132,12
1.113136,10
1.114136,8
1.115136,6
1.116136,4
1.117140,3
1.118136,1
1.119136,1
1.123136,5
1.124136,7
1.125136,8
1.126136,10
1.127136,12
1.128136,13
1.129136,14
1.130140,14
1.131136,13
1.132136,12
1.133140,10
1.134136,8
1.135140,6
1.136140,4
1.137140,3
1.138140,1
1.139140,1
1.140140,1
1.141136,2
1.142140,3
1.143140,5
1.144140,7
1.145140,8
1.146140,10
1.147140,12
1.148140,13
1.149140,14
1.150140,14
1.151140,13
1.152144,12
1.153140,10
1.154140,8
1.155140,6
1.156140,4
1.157140,3
1.158140,1
1.159144,1
1.160144,1
1.161144,2
1.162140,3
1.163144,5
1.167144,12
1.168144,13
1.169144,14
1.170144,14
1.171144,13
1.172148,12
1.173144,10
1.174144,8
1.175148,6
1.176148,4
1.177144,3
1.178140,1
1.179144,1
1.180144,1
1.181148,2
1.182144,3
1.183144,5
1.184144,7
1.185144,8
1.186148,10
1.187144,12
1.188144,13
1.189148,14
1.190144,14
1.191148,13
1.192148,12
1.193148,10
1.194148,8
1.195144,6
1.196148,4
1.197148,3
1.198148,1
1.199148,1
1.200144,1
1.201148,2
1.202148,3
1.203148,5
1.204144,7
1.205152,8
1.206152,10
1.207152,12
1.208156,13
1.212148,12
1.213148,10
1.214152,8
1.215152,6
1.216152,4
1.217152,3
1.218148,1
1.219148,1
1.220148,1
1.221148,2
1.222152,3
1.223148,5
1.224152,7
1.225152,8
1.226152,10
1.227148,12
1.228148,13
1.229148,14
1.230152,14
1.231156,13
1.232152,12
1.233152,10
1.234152,8
1.235152,6
1.236156,4
1.237152,3
1.238156,1
1.239156,1
1.240156,1
1.241152,2
1.242152,3
1.243152,5
1.244152,7
1.245152,8
1.246156,10
1.247156,12
1.248156,13
1.249152,14
1.250156,14
1.251160,13
1.252152,12
1.256156,4
1.257156,3
1.258156,1
1.259160,1
1.260156,1
1.261156,2
1.262156,3
1.263156,5
1.264156,7
1.265160,8
1.266156,10
1.267160,12
1.268156,13
1.269160,14
1.270160,14
1.271156,13
1.272160,12
1.273156,10
1.274156,8
1.275156,6
1.276156,4
1.277156,3
1.278160,1
1.279160,1
1.280160,1
1.281160,2
1.282156,3
1.283156,5
1.284156,7
1.285160,8
1.286164,10
1.287160,12
1.288160,13
1.289160,14
1.290160,14
1.291164,13
1.292164,12
1.293164,10
1.294168,8
1.295160,6
1.296164,4
1.300160,1
1.301164,2
1.302164,3
1.303164,5
1.304164,7
1.305164,8
1.306160,10
1.307164,12
1.308160,13
1.309164,14
1.310164,14
1.311164,13
1.312164,12
1.313164,10
1.314168,8
1.315164,6
1.316164,4
1.317164,3
1.318164,1
1.319164,1
1.320164,1
1.321164,2
1.322164,3
1.323164,5
1.324168,7
1.325168,8
1.326168,10
1.327168,12
1.328164,13
1.329168,14
1.330168,14
1.331164,13
1.332168,12
1.333164,10
1.334168,8
1.335168,6
1.336168,4
1.337176,3
1.338164,1
1.339164,1
1.340168,1
1.344172,7
1.345168,8
1.346168,10
1.347172,12
1.348172,13
1.349172,14
1.350168,14
1.351172,13
1.352168,12
1.353168,10
1.354172,8
1.355168,6
1.356172,4
1.357168,3
1.358172,1
1.359168,1
1.360172,1
1.361168,2
1.362168,3
1.363168,5
1.364172,7
1.365168,8
1.366172,10
1.367172,12
1.368172,13
1.369176,14
1.370172,14
1.371172,13
1.372176,12
1.373172,10
1.374176,8
1.375172,6
1.376172,4
1.377172,3
1.378172,1
1.379176,1
1.380180,1
1.381176,2
1.382176,3
1.383172,5
1.384176,7
1.385172,8
1.389176,14
1.390176,14
1.391176,13
1.392176,12
1.393176,10
1.394176,8
1.395176,6
1.396176,4
1.397176,3
1.398176,1
1.399176,1
1.400176,1
1.401176,2
1.402180,3
1.403180,5
1.404180,7
1.405176,8
1.406180,10
1.407176,12
1.408176,13
1.409176,14
1.410180,14
1.411180,13
1.412180,12
1.413180,10
1.414176,8
1.415180,6
1.416180,4
1.417180,3
1.418180,1
1.419180,1
1.420176,1
1.421180,2
1.422180,3
1.423188,5
1.424180,7
1.425184,8
1.426180,10
1.427180,12
1.428180,13
1.429180,14
1.433180,10
1.434184,8
1.435180,6
1.436180,4
1.437184,3
1.438180,1
1.439180,1
1.440180,1
1.441180,2
1.442184,3
1.443184,5
1.444180,7
1.445184,8
1.446184,10
1.447180,12
1.448180,13
1.449184,14
1.450184,14
1.451184,13
1.452184,12
1.453184,10
1.454184,8
1.455184,6
1.456184,4
1.457184,3
1.458184,1
1.459188,1
1.460184,1
1.461188,2
1.462184,3
1.463184,5
1.464184,7
1.465192,8
1.466192,10
1.467188,12
1.468188,13
1.469188,14
1.470184,14
1.471184,13
1.472184,12
1.473188,10
1.477188,3
1.478192,1
1.479188,1
1.480188,1
1.481188,2
1.482188,3
1.483188,5
1.484188,7
1.485192,8
1.486188,10
1.487188,12
1.488192,13
1.489188,14
1.490192,14
1.491188,13
1.492192,12
1.493192,10
1.494188,8
1.495188,6
1.496192,4
1.497188,3
1.498188,1
1.499192,1
1.500192,1
1.501192,2
1.502188,3
1.503192,5
1.504192,7
1.505196,8
1.506188,10
1.507192,12
1.508196,13
1.509200,14
1.510192,14
1.511192,13
1.512196,12
1.513196,10
1.514196,8
1.515196,6
1.516192,4
1.517196,3
1.518192,1
1.522196,3
1.523196,5
1.524192,7
1.525196,8
1.526192,10
1.527192,12
1.528196,13
1.529192,14
1.530196,14
1.531196,13
1.532196,12
1.533196,10
1.534192,8
1.535200,6
1.536196,4
1.537196,3
1.538200,1
1.539196,1
1.540200,1
1.541196,2
1.542200,3
1.543200,5
1.544196,7
1.545200,8
1.546196,10
1.547200,12
1.548196,13
1.549196,14
1.550196,14
1.551204,13
1.552200,12
1.553200,10
1.554200,8
1.555200,6
1.556200,4
1.557196,3
1.558196,1
1.559200,1
1.560200,1
1.561200,2
1.562200,3
1.566200,10
1.567200,12
1.568204,13
1.569204,14
1.570200,14
1.571200,13
1.572200,12
1.573200,10
1.574204,8
1.575204,6
1.576200,4
1.577204,3
1.578204,1
1.579204,1
1.580200,1
1.581200,2
1.582200,3
1.583200,5
1.584204,7
1.585204,8
1.586204,10
1.587204,12
1.588204,13
1.589204,14
1.590204,14
1.591204,13
1.592204,12
1.593204,10
1.594212,8
1.595204,6
1.596204,4
1.597204,3
1.598208,1
1.599204,1
1.600208,1
1.601208,2
1.602204,3
1.603208,5
1.604204,7
1.605204,8
1.606204,10
1.610204,14
1.611208,13
1.612204,12
1.613204,10
1.614204,8
1.615208,6
1.616208,4
1.617208,3
1.618208,1
1.619208,1
1.620208,1
1.621212,2
1.622208,3
1.623208,5
1.624208,7
1.625208,8
1.626208,10
1.627208,12
1.628208,13
1.629208,14
1.630208,14
1.631212,13
1.632208,12
1.633212,10
1.634212,8
1.635208,6
1.636212,4
1.637216,3
1.638208,1
1.639212,1
1.640208,1
1.641212,2
1.642212,3
1.643212,5
1.644216,7
1.645212,8
1.646212,10
1.647212,12
1.648212,13
1.649212,14
1.650212,14
1.654216,8
1.655216,6
1.656216,4
1.657216,3
1.658216,1
1.659212,1
1.660212,1
1.661212,2
1.662216,3
1.663216,5
1.664212,7
1.665216,8
1.666216,10
1.667212,12
1.668212,13
1.669216,14
1.670216,14
1.671216,13
1.672216,12
1.673216,10
1.674216,8
1.675216,6
1.676216,4
1.677216,3
1.678216,1
1.679220,1
1.680224,1
1.681216,2
1.682216,3
1.683216,5
1.684216,7
1.685220,8
1.686216,10
1.687216,12
1.688220,13
1.689220,14
1.690216,14
1.691216,13
1.692216,12
1.693220,10
1.694216,8
1.695220,6
1.699220,1
1.700220,1
1.701220,2
1.702220,3
1.703220,5
1.704224,7
1.705220,8
1.706220,10
1.707220,12
1.708220,13
1.709220,14
1.710224,14
1.711220,13
1.712224,12
1.713220,10
1.714220,8
1.715220,6
1.716220,4
1.717224,3
1.718220,1
1.719224,1
1.720224,1
1.721224,2
1.722220,3
1.723228,5
1.724224,7
1.725224,8
1.726220,10
1.727224,12
1.728224,13
1.729224,14
1.730224,14
1.731220,13
1.732228,12
1.733228,10
1.734228,8
1.735224,6
1.736228,4
1.737224,3
1.738224,1
1.739224,1
1.743224,5
1.744224,7
1.745228,8
1.746224,10
1.747224,12
1.748224,13
1.749228,14
1.750228,14
1.751228,13
1.752228,12
1.753228,10
1.754228,8
1.755228,6
1.756228,4
1.757228,3
1.758228,1
1.759228,1
1.760228,1
1.761228,2
1.762228,3
1.763228,5
1.764232,7
1.765232,8
1.766236,10
1.767228,12
1.768232,13
1.769228,14
1.770228,14
1.771232,13
1.772228,12
1.773232,10
1.774232,8
1.775232,6
1.776232,4
1.777232,3
1.778228,1
1.779228,1
1.780228,1
1.781232,2
1.782228,3
1.783232,5
1.787236,12
1.788232,13
1.789232,14
1.790232,14
1.791236,13
1.792232,12
1.793232,10
1.794232,8
1.795236,6
1.796232,4
1.797236,3
1.798236,1
1.799236,1
1.800236,1
1.801232,2
1.802232,3
1.803236,5
1.804232,7
1.805236,8
1.806236,10
1.807236,12
1.808236,13
1.809244,14
1.810236,14
1.811236,13
1.812232,12
1.813236,10
1.814236,8
1.815236,6
1.816236,4
1.817236,3
1.818236,1
1.819236,1
1.820236,1
1.821236,2
1.822236,3
1.823236,5
1.824240,7
1.825236,8
1.826240,10
1.827236,12
1.828240,13
1.832240,12
1.833236,10
1.834240,8
1.835236,6
1.836240,4
1.837244,3
1.838240,1
1.839240,1
1.840240,1
1.841240,2
1.842244,3
1.843244,5
1.844244,7
1.845244,8
1.846240,10
1.847240,12
1.848240,13
1.849240,14
1.850244,14
1.851240,13
1.852252,12
1.853244,10
1.854240,8
1.855244,6
1.856240,4
1.857240,3
1.858240,1
1.859244,1
1.860240,1
1.861244,2
1.862244,3
1.863244,5
1.864240,7
1.865244,8
1.866244,10
1.867248,12
1.868240,13
1.869244,14
1.870244,14
1.871244,13
1.872248,12
1.876248,4
1.877248,3
1.878248,1
1.879244,1
1.880244,1
1.881244,2
1.882244,3
1.883248,5
1.884248,7
1.885248,8
1.886248,10
1.887248,12
1.888244,13
1.889244,14
1.890248,14
1.891248,13
1.892248,12
1.893248,10
1.894248,8
1.895256,6
1.896248,4
1.897252,3
1.898248,1
1.899248,1
1.900252,1
1.901248,2
1.902252,3
1.903248,5
1.904248,7
1.905252,8
1.906248,10
1.907252,12
1.908248,13
1.909252,14
1.910248,14
1.911252,13
1.912252,12
1.913248,10
1.914252,8
1.915248,6
1.916252,4
1.920252,1
1.921252,2
1.922252,3
1.923256,5
1.924252,7
1.925256,8
1.926252,10
1.927252,12
1.928256,13
1.929252,14
1.930252,14
1.931256,13
1.932256,12
1.933252,10
1.934252,8
1.935252,6
1.936252,4
1.937252,3
1.938260,1
1.939256,1
1.940256,1
1.941252,2
1.942256,3
1.943252,5
1.944252,7
1.945252,8
1.946256,10
1.947256,12
1.948252,13
1.949256,14
1.950256,14
1.951256,13
1.952256,12
1.953252,10
1.954256,8
1.955260,6
1.956260,4
1.957256,3
1.958256,1
1.959256,1
1.960256,1
1.964256,7
1.965256,8
1.966256,10
1.967256,12
1.968256,13
1.969260,14
1.970260,14
1.971260,13
1.972260,12
1.973260,10
1.974256,8
1.975256,6
1.976264,4
1.977260,3
1.978260,1
1.979260,1
1.980260,1
1.981264,2
1.982260,3
1.983264,5
1.984264,7
1.985260,8
1.986260,10
1.987264,12
1.988260,13
1.989264,14
1.990260,14
1.991264,13
1.992260,12
1.993264,10
1.994264,8
1.995264,6
1.996264,4
1.997264,3
1.998260,1
1.999264,1
2.000264,1
2.001260,2
2.002264,3
2.003260,5
2.004264,7
2.005264,8
2.009264,14
2.010264,14
2.011264,13
2.012268,12
2.013264,10
2.014264,8
2.015268,6
2.016264,4
2.017268,3
2.018264,1
2.019264,1
2.020268,1
2.021268,2
2.022264,3
2.023272,5
2.024272,7
2.025264,8
2.026268,10
2.027268,12
2.028268,13
2.029268,14
2.030272,14
2.031268,13
2.032268,12
2.033272,10
2.034268,8
2.035272,6
2.036268,4
2.037268,3
2.038268,1
2.039268,1
2.040272,1
2.041272,2
2.042272,3
2.043272,5
2.044268,7
2.045268,8
2.046268,10
2.047268,12
2.048272,13
2.049268,14
2.053272,10
2.054268,8
2.055268,6
2.056272,4
2.057272,3
2.058272,1
2.059272,1
2.060272,1
2.061272,2
2.062276,3
2.063272,5
2.064272,7
2.065276,8
2.066276,10
2.067272,12
2.068272,13
2.069272,14
2.070272,14
2.071272,13
2.072276,12
2.073276,10
2.074276,8
2.075272,6
2.076276,4
2.077272,3
2.078272,1
2.079272,1
2.080272,1
2.081276,2
2.082276,3
2.083276,5
2.084276,7
2.085276,8
2.086272,10
2.087272,12
2.088276,13
2.089272,14
2.090276,14
2.091276,13
2.092276,12
2.093276,10
2.097276,3
2.098280,1
2.099276,1
2.100276,1
2.101276,2
2.102280,3
2.103276,5
2.104280,7
2.105280,8
2.106276,10
2.107280,12
2.108276,13
2.109284,14
2.110276,14
2.111280,13
2.112280,12
2.113280,10
2.114280,8
2.115280,6
2.116276,4
2.117284,3
2.118280,1
2.119280,1
2.120284,1
2.121280,2
2.122280,3
2.123280,5
2.124280,7
2.125280,8
2.126284,10
2.127284,12
2.128284,13
2.129280,14
2.130284,14
2.131280,13
2.132280,12
2.133284,10
2.134280,8
2.135284,6
2.136284,4
2.137284,3
2.138284,1
2.142288,3
2.143280,5
2.144284,7
2.145284,8
2.146284,10
2.147284,12
2.148284,13
2.149288,14
2.150284,14
2.151284,13
2.152292,12
2.153284,10
2.154284,8
2.155284,6
2.156284,4
2.157288,3
2.158284,1
2.159288,1
2.160288,1
2.161288,2
2.162288,3
2.163288,5
2.164284,7
2.165288,8
2.166288,10
2.167288,12
2.168288,13
2.169288,14
2.170288,14
2.171292,13
2.172288,12
2.173288,10
2.174288,8
2.175288,6
2.176292,4
2.177288,3
2.178288,1
2.179288,1
2.180288,1
2.181288,2
2.182292,3
2.186292,10
2.187288,12
2.188288,13
2.189292,14
2.190288,14
2.191292,13
2.192292,12
2.193292,10
2.194288,8
2.195300,6
2.196288,4
2.197288,3
2.198292,1
2.199292,1
2.200292,1
2.201292,2
2.202292,3
2.203296,5
2.204292,7
2.205296,8
2.206296,10
2.207292,12
2.208296,13
2.209292,14
2.210292,14
2.211292,13
2.212296,12
2.213292,10
2.214296,8
2.215296,6
2.216296,4
2.217292,3
2.218296,1
2.219292,1
2.220292,1
2.221296,2
2.222292,3
2.223296,5
2.224296,7
2.225296,8
2.226296,10
2.230300,14
2.231296,13
2.232296,12
2.233296,10
2.234296,8
2.235300,6
2.236296,4
2.237300,3
2.238304,1
2.239296,1
2.240296,1
2.241300,2
2.242296,3
2.243296,5
2.244300,7
2.245300,8
2.246300,10
2.247300,12
2.248296,13
2.249300,14
2.250296,14
2.251300,13
2.252300,12
2.253300,10
2.254300,8
2.255300,6
2.256300,4
2.257304,3
2.258300,1
2.259304,1
2.260300,1
2.261300,2
2.262300,3
2.263304,5
2.264300,7
2.265300,8
2.266300,10
2.267304,12
2.268304,13
2.269304,14
2.270304,14
2.274300,8
2.275304,6
2.276304,4
2.277304,3
2.278304,1
2.279304,1
2.280304,1
2.281312,2
2.282304,3
2.283304,5
2.284304,7
2.285304,8
2.286308,10
2.287304,12
2.288304,13
2.289304,14
2.290308,14
2.291304,13
2.292304,12
2.293308,10
2.294308,8
2.295308,6
2.296304,4
2.297304,3
2.298304,1
2.299304,1
2.300308,1
2.301308,2
2.302308,3
2.303308,5
2.304308,7
2.305308,8
2.306308,10
2.307308,12
2.308308,13
2.309308,14
2.310308,14
2.311308,13
2.312308,12
2.313312,10
2.314308,8
2.315308,6
2.319312,1
2.320308,1
2.321308,2
2.322312,3
2.323308,5
2.324316,7
2.325308,8
2.326312,10
2.327312,12
2.328308,13
2.329308,14
2.330312,14
2.331308,13
2.332312,12
2.333312,10
2.334312,8
2.335312,6
2.336312,4
2.337308,3
2.338308,1
2.339308,1
2.340312,1
2.341316,2
2.342312,3
2.343312,5
2.344312,7
2.345312,8
2.346316,10
2.347316,12
2.348316,13
2.349316,14
2.350312,14
2.351312,13
2.352312,12
2.353312,10
2.354316,8
2.355312,6
2.356316,4
2.357316,3
2.358316,1
2.359316,1
2.363316,5
2.364316,7
2.365312,8
2.366316,10
2.367324,12
2.368316,13
2.369316,14
2.370316,14
2.371316,13
2.372320,12
2.373316,10
2.374316,8
2.375316,6
2.376316,4
2.377316,3
2.378320,1
2.379320,1
2.380320,1
2.381320,2
2.382316,3
2.383320,5
2.384316,7
2.385316,8
2.386320,10
2.387320,12
2.388320,13
2.389320,14
2.390320,14
2.391320,13
2.392320,12
2.393316,10
2.394320,8
2.395320,6
2.396320,4
2.397320,3
2.398320,1
2.399320,1
2.400324,1
2.401320,2
2.402320,3
2.403324,5
2.407324,12
2.408320,13
2.409324,14
2.410328,14
2.411324,13
2.412324,12
2.413324,10
2.414320,8
2.415320,6
2.416324,4
2.417324,3
2.418324,1
2.419320,1
2.420324,1
2.421324,2
2.422324,3
2.423324,5
2.424324,7
2.425324,8
2.426328,10
2.427324,12
2.428328,13
2.429324,14
2.430324,14
2.431324,13
2.432328,12
2.433324,10
2.434328,8
2.435328,6
2.436328,4
2.437324,3
2.438328,1
2.439324,1
2.440324,1
2.441328,2
2.442324,3
2.443328,5
2.444328,7
2.445328,8
2.446328,10
2.447328,12
2.448328,13
2.452332,12
2.453332,10
2.454332,8
2.455328,6
2.456332,4
2.457328,3
2.458328,1
2.459328,1
2.460328,1
2.461328,2
2.462328,3
2.463328,5
2.464328,7
2.465332,8
2.466328,10
2.467332,12
2.468328,13
2.469332,14
2.470328,14
2.471328,13
2.472332,12
2.473328,10
2.474332,8
2.475332,6
2.476328,4
2.477332,3
2.478336,1
2.479332,1
2.480336,1
2.481336,2
2.482336,3
2.483332,5
2.484336,7
2.485332,8
2.486332,10
2.487336,12
2.488332,13
2.489336,14
2.490336,14
2.491336,13
2.492332,12
2.496340,4
2.497336,3
2.498336,1
2.499332,1
2.500336,1
2.501332,2
2.502336,3
2.503336,5
2.504336,7
2.505336,8
2.506336,10
2.507336,12
2.508336,13
2.509336,14
2.510336,14
2.511340,13
2.512340,12
2.513336,10
2.514340,8
2.515336,6
2.516340,4
2.517336,3
2.518336,1
2.519336,1
2.520340,1
2.521340,2
2.522340,3
2.523340,5
2.524336,7
2.525340,8
2.526340,10
2.527340,12
2.528340,13
2.529340,14
2.530340,14
2.531340,13
2.532344,12
2.533340,10
2.534340,8
2.535340,6
2.536340,4
2.541340,2
2.542340,3
2.543340,5
2.544340,7
2.545344,8
2.546344,10
2.547344,12
2.548340,13
2.549340,14
2.550344,14
2.551340,13
2.552344,12
2.553344,10
2.554344,8
2.555344,6
2.556344,4
2.557344,3
2.558344,1
2.559344,1
2.560344,1
2.561348,2
2.562344,3
2.563344,5
2.564344,7
2.565344,8
2.566344,10
2.567344,12
2.568344,13
2.569344,14
2.570344,14
2.571344,13
2.572344,12
2.573344,10
2.574344,8
2.575348,6
2.576348,4
2.577348,3
2.578348,1
2.579348,1
2.580348,1
2.581352,2
2.582352,3
2.587348,12
2.588344,13
2.589352,14
2.590352,14
2.591352,13
2.592352,12
2.593348,10
2.594348,8
2.595348,6
2.596348,4
2.597348,3
2.598348,1
2.599352,1
2.600352,1
2.601352,2
2.602352,3
2.603348,5
2.604348,7
2.605348,8
2.606348,10
2.607352,12
2.608352,13
2.609352,14
2.610352,14
2.611352,13
2.612352,12
2.613352,10
2.614352,8
2.615348,6
2.616352,4
2.617352,3
2.618352,1
2.619352,1
2.620352,1
2.621352,2
2.622356,3
2.623356,5
2.624356,7
2.625360,8
2.626356,10
2.627352,12
2.631356,13
2.632352,12
2.633356,10
2.634356,8
2.635352,6
2.636352,4
2.637352,3
2.638356,1
2.639352,1
2.640356,1
2.641356,2
2.642356,3
2.643356,5
2.644356,7
2.645356,8
2.646356,10
2.647356,12
2.648356,13
2.649360,14
2.650356,14
2.651356,13
2.652360,12
2.653360,10
2.654360,8
2.655360,6
2.656360,4
2.657356,3
2.658360,1
2.659356,1
2.660356,1
2.661360,2
2.662356,3
2.663360,5
2.664360,7
2.665360,8
2.666360,10
2.667364,12
2.668356,13
2.669360,14
2.670356,14
2.671360,13
2.675360,6
2.676364,4
2.677364,3
2.678360,1
2.679360,1
2.680360,1
2.681364,2
2.682360,3
2.683360,5
2.684364,7
2.685360,8
2.686364,10
2.687364,12
2.688364,13
2.689360,14
2.690360,14
2.691360,13
2.692364,12
2.693360,10
2.694364,8
2.695360,6
2.696364,4
2.697364,3
2.698368,1
2.699364,1
2.700368,1
2.701368,2
2.702368,3
2.703368,5
2.704364,7
2.705364,8
2.706364,10
2.707364,12
2.708368,13
2.709368,14
2.710372,14
2.711364,13
2.712368,12
2.713364,10
2.714364,8
2.715364,6
2.719368,1
2.720368,1
2.721368,2
2.722368,3
2.723368,5
2.724368,7
2.725368,8
2.726364,10
2.727368,12
2.728368,13
2.729368,14
2.730372,14
2.731368,13
2.732368,12
2.733368,10
2.734368,8
2.735372,6
2.736368,4
2.737368,3
2.738368,1
2.739368,1
2.740372,1
2.741368,2
2.742372,3
2.743372,5
2.744368,7
2.745372,8
2.746368,10
2.747368,12
2.748372,13
2.749368,14
2.750372,14
2.751372,13
2.752372,12
2.753380,10
2.754368,8
2.755376,6
2.756376,4
2.757376,3
2.758376,1
2.759372,1
2.760372,1
2.764376,7
2.765376,8
2.766376,10
2.767376,12
2.768372,13
2.769372,14
2.770372,14
2.771376,13
2.772372,12
2.773376,10
2.774376,8
2.775376,6
2.776376,4
2.777372,3
2.778372,1
2.779372,1
2.780376,1
2.781376,2
2.782376,3
2.783376,5
2.784376,7
2.785376,8
2.786380,10
2.787380,12
2.788380,13
2.789376,14
2.790380,14
2.791376,13
2.792376,12
2.793376,10
2.794376,8
2.795380,6
2.796384,4
2.797380,3
2.798380,1
2.799376,1
2.800380,1
2.801380,2
2.802376,3
2.803376,5
2.804380,7
2.808380,13
2.809380,14
2.810380,14
2.811380,13
2.812380,12
2.813380,10
2.814384,8
2.815380,6
2.816380,4
2.817380,3
2.818384,1
2.819384,1
2.820384,1
2.821384,2
2.822384,3
2.823380,5
2.824380,7
2.825380,8
2.826384,10
2.827380,12
2.828384,13
2.829384,14
2.830384,14
2.831380,13
2.832380,12
2.833384,10
2.834384,8
2.835384,6
2.836380,4
2.837384,3
2.838384,1
2.839388,1
2.840384,1
2.841384,2
2.842384,3
2.843388,5
2.844388,7
2.845388,8
2.846384,10
2.847384,12
2.848384,13
2.860384,1
2.861388,2
2.862388,3
2.863384,5
2.864392,7
2.865388,8
2.866388,10
2.867392,12
2.868388,13
2.869388,14
2.870388,14
2.871388,13
2.872388,12
2.873388,10
2.874388,8
2.875388,6
2.876392,4
2.877392,3
2.878388,1
2.879388,1
2.880388,1
2.881388,2
2.882396,3
2.883392,5
2.884392,7
2.885392,8
2.886392,10
2.887392,12
2.888392,13
2.889392,14
2.890388,14
2.891392,13
2.892392,12
2.893392,10
2.894392,8
2.895396,6
2.896392,4
2.897392,3
2.898392,1
2.899392,1
2.900396,1
2.901392,2
2.905396,8
2.906396,10
2.907396,12
2.908396,13
2.909392,14
2.910396,14
2.911396,13
2.912396,12
2.913396,10
2.914396,8
2.915392,6
2.916396,4
2.917396,3
2.918396,1
2.919396,1
2.920396,1
2.921400,2
2.922392,3
2.923396,5
2.924396,7
2.925404,8
2.926400,10
2.927396,12
2.928400,13
2.929400,14
2.930396,14
2.931400,13
2.932396,12
2.933400,10
2.934400,8
2.935396,6
2.936396,4
2.937400,3
2.938396,1
2.939400,1
2.940400,1
2.941400,2
2.942400,3
2.943400,5
2.944396,7
2.945396,8
2.949396,14
2.950400,14
2.951400,13
2.952404,12
2.953404,10
2.954400,8
2.955404,6
2.956400,4
2.957400,3
2.958400,1
2.959400,1
2.960404,1
2.961404,2
2.962404,3
2.963404,5
2.964404,7
2.965400,8
2.966400,10
2.967404,12
2.968408,13
2.969400,14
2.970404,14
2.971404,13
2.972400,12
2.973400,10
2.974404,8
2.975404,6
2.976400,4
2.977404,3
2.978404,1
2.979408,1
2.980404,1
2.981404,2
2.982404,3
2.983408,5
2.984404,7
2.985404,8
2.986408,10
2.987408,12
2.988404,13
2.989404,14
2.993404,10
2.994408,8
2.995408,6
2.996408,4
2.997404,3
2.998404,1
2.999404,1
3.000404,1
3.001408,2
3.002408,3
3.003408,5
3.004408,7
3.005408,8
3.006412,10
3.007412,12
3.008412,13
3.009408,14
3.010412,14
3.011412,13
3.012412,12
3.013408,10
3.014412,8
3.015408,6
3.016412,4
3.017412,3
3.018412,1
3.019408,1
3.020412,1
3.021412,2
3.022412,3
3.023412,5
3.024412,7
3.025408,8
3.026412,10
3.027412,12
3.028408,13
3.029408,14
3.030408,14
3.031412,13
3.032408,12
3.033412,10
3.037412,3
3.038416,1
3.039416,1
3.040416,1
3.041416,2
3.042412,3
3.043416,5
3.044412,7
3.045412,8
3.046416,10
3.047412,12
3.048416,13
3.049416,14
3.050416,14
3.051416,13
3.052416,12
3.053412,10
3.054420,8
3.055416,6
3.056416,4
3.057412,3
3.058416,1
3.059416,1
3.060416,1
3.061416,2
3.062416,3
3.063420,5
3.064416,7
3.065420,8
3.066416,10
3.067416,12
3.068416,13
3.069416,14
3.070420,14
3.071420,13
3.072420,12
3.073416,10
3.074416,8
3.075416,6
3.076420,4
3.077420,3
3.078416,1
3.082420,3
3.083420,5
3.084420,7
3.085420,8
3.086420,10
3.087416,12
3.088420,13
3.089420,14
3.090420,14
3.091420,13
3.092424,12
3.093424,10
3.094424,8
3.095420,6
3.096420,4
3.097428,3
3.098424,1
3.099424,1
3.100420,1
3.101424,2
3.102424,3
3.103424,5
3.104424,7
3.105424,8
3.106424,10
3.107420,12
3.108424,13
3.109424,14
3.110424,14
3.111424,13
3.112424,12
3.113424,10
3.114424,8
3.115428,6
3.116424,4
3.117428,3
3.118428,1
3.119428,1
3.120424,1
3.121428,2
3.122424,3
3.126424,10
3.127428,12
3.128428,13
3.129428,14
3.130424,14
3.131424,13
3.132428,12
3.133424,10
3.134428,8
3.135428,6
3.136428,4
3.137428,3
3.138428,1
3.139428,1
3.140432,1
3.141424,2
3.142428,3
3.143432,5
3.144428,7
3.145428,8
3.146428,10
3.147428,12
3.148432,13
3.149432,14
3.150432,14
3.151432,13
3.152428,12
3.153428,10
3.154428,8
3.155428,6
3.156428,4
3.157432,3
3.158428,1
3.159432,1
3.160432,1
3.161428,2
3.162432,3
3.163432,5
3.164432,7
3.165432,8
3.166428,10
3.170432,14
3.171436,13
3.172432,12
3.173432,10
3.174432,8
3.175436,6
3.176432,4
3.177436,3
3.178432,1
3.179436,1
3.180432,1
3.181436,2
3.182436,3
3.183440,5
3.184432,7
3.185432,8
3.186432,10
3.187432,12
3.188436,13
3.189432,14
3.190436,14
3.191436,13
3.192436,12
3.193432,10
3.194436,8
3.195436,6
3.196436,4
3.197436,3
3.198432,1
3.199436,1
3.200436,1
3.201436,2
3.202436,3
3.203440,5
3.204440,7
3.205440,8
3.206436,10
3.207440,12
3.208436,13
3.209436,14
3.210440,14
3.211436,13
3.215436,6
3.216440,4
3.217440,3
3.218440,1
3.219440,1
3.220436,1
3.221440,2
3.222440,3
3.223440,5
3.224440,7
3.225444,8
3.226440,10
3.227440,12
3.228440,13
3.229440,14
3.230440,14
3.231440,13
3.232440,12
3.233440,10
3.234444,8
3.235444,6
3.236440,4
3.237440,3
3.238444,1
3.239444,1
3.240440,1
3.241440,2
3.242440,3
3.243444,5
3.244440,7
3.245444,8
3.246444,10
3.247444,12
3.248448,13
3.249444,14
3.250444,14
3.251444,13
3.252444,12
3.253444,10
3.254444,8
3.255444,6
3.259444,1
3.260444,1
3.261448,2
3.262448,3
3.263444,5
3.264444,7
3.265444,8
3.266444,10
3.267448,12
3.268452,13
3.269452,14
3.270444,14
3.271444,13
3.272444,12
3.273444,10
3.274444,8
3.275448,6
3.276448,4
3.277448,3
3.278448,1
3.279448,1
3.280448,1
3.281444,2
3.282452,3
3.283452,5
3.284452,7
3.285448,8
3.286452,10
3.287448,12
3.288448,13
3.289448,14
3.290452,14
3.291452,13
3.292452,12
3.293452,10
3.294448,8
3.295448,6
3.296452,4
3.297448,3
3.298452,1
3.299448,1
3.303448,5
3.304452,7
3.305452,8
3.306452,10
3.307452,12
3.308452,13
3.309452,14
3.310452,14
3.311456,13
3.312460,12
3.313452,10
3.314456,8
3.315456,6
3.316456,4
3.317456,3
3.318452,1
3.319452,1
3.320452,1
3.321452,2
3.322456,3
3.323456,5
3.324456,7
3.325456,8
3.326456,10
3.327452,12
3.328452,13
3.329452,14
3.330456,14
3.331452,13
3.332456,12
3.333456,10
3.334456,8
3.335460,6
3.336456,4
3.337456,3
3.338456,1
3.339456,1
3.340460,1
3.341456,2
3.342456,3
3.343456,5
3.344456,7
3.348456,13
3.349456,14
3.350456,14
3.351456,13
3.352456,12
3.353460,10
3.354464,8
3.355460,6
3.356460,4
3.357460,3
3.358460,1
3.359460,1
3.360460,1
3.361464,2
3.362464,3
3.363460,5
3.364464,7
3.365460,8
3.366460,10
3.367460,12
3.368460,13
3.369460,14
3.370460,14
3.371464,13
3.372460,12
3.373460,10
3.374460,8
3.375460,6
3.376464,4
3.377460,3
3.378464,1
3.379464,1
3.380464,1
3.381464,2
3.382464,3
3.383464,5
3.384464,7
3.385464,8
3.386460,10
3.387464,12
3.388464,13
3.392468,12
3.393468,10
3.394464,8
3.395464,6
3.396464,4
3.397468,3
3.398464,1
3.399468,1
3.400464,1
3.401468,2
3.402468,3
3.403468,5
3.404468,7
3.405464,8
3.406464,10
3.407464,12
3.408468,13
3.409464,14
3.410468,14
3.411468,13
3.412468,12
3.413464,10
3.414464,8
3.415464,6
3.416464,4
3.417468,3
3.418472,1
3.419468,1
3.420464,1
3.421468,2
3.422472,3
3.423468,5
3.424472,7
3.425472,8
3.426472,10
3.427468,12
3.428468,13
3.429468,14
3.430468,14
3.431468,13
3.432472,12
3.436472,4
3.437468,3
3.438472,1
3.439472,1
3.440480,1
3.441472,2
3.442472,3
3.443472,5
3.444472,7
3.445472,8
3.446472,10
3.447472,12
3.448476,13
3.449476,14
3.450472,14
3.451472,13
3.452472,12
3.453472,10
3.454472,8
3.455476,6
3.456472,4
3.457476,3
3.458476,1
3.459472,1
3.460476,1
3.461472,2
3.462472,3
3.463476,5
3.464472,7
3.465476,8
3.466476,10
3.467476,12
3.468476,13
3.469472,14
3.470472,14
3.471472,13
3.472476,12
3.473476,10
3.474472,8
3.475476,6
3.476476,4
3.480480,1
3.481476,2
3.482480,3
3.483484,5
3.484480,7
3.485476,8
3.486476,10
3.487480,12
3.488480,13
3.489480,14
3.490480,14
3.491476,13
3.492480,12
3.493480,10
3.494476,8
3.495476,6
3.496480,4
3.497480,3
3.498480,1
3.499480,1
3.500480,1
3.501480,2
3.502480,3
3.503480,5
3.504480,7
3.505480,8
3.506480,10
3.507480,12
3.508480,13
3.509484,14
3.510480,14
3.511480,13
3.512484,12
3.513484,10
3.514480,8
3.515484,6
3.516480,4
3.517484,3
3.518480,1
3.519480,1
3.520484,1
3.521484,2
3.525484,8
3.526492,10
3.527480,12
3.528484,13
3.529484,14
3.530484,14
3.531484,13
3.532488,12
3.533484,10
3.534484,8
3.535484,6
3.536484,4
3.537488,3
3.538484,1
3.539488,1
3.540484,1
3.541484,2
3.542488,3
3.543488,5
3.544484,7
3.545484,8
3.546488,10
3.547488,12
3.548488,13
3.549488,14
3.550488,14
3.551488,13
3.552488,12
3.553488,10
3.554488,8
3.555488,6
3.556488,4
3.557484,3
3.558488,1
3.559488,1
3.560488,1
3.561488,2
3.562488,3
3.563488,5
3.564488,7
3.565488,8
3.569496,14
3.570492,14
3.571488,13
3.572492,12
3.573488,10
3.574492,8
3.575492,6
3.576488,4
3.577492,3
3.578488,1
3.579492,1
3.580488,1
3.581488,2
3.582492,3
3.583496,5
3.584492,7
3.585488,8
3.586492,10
3.587496,12
3.588492,13
3.589496,14
3.590496,14
3.591496,13
3.592492,12
3.593492,10
3.594492,8
3.595492,6
3.596492,4
3.597492,3
3.598496,1
3.599496,1
3.600496,1
3.601496,2
3.602492,3
3.603496,5
3.604496,7
3.605492,8
3.606496,10
3.607492,12
3.608496,13
3.609496,14
3.613492,10
3.614496,8
3.615496,6
3.616500,4
3.617496,3
3.618496,1
3.619496,1
3.620500,1
3.621500,2
3.622500,3
3.623500,5
3.624496,7
3.625500,8
3.626500,10
3.627496,12
3.628500,13
3.629500,14
3.630500,14
3.631500,13
3.632500,12
3.633500,10
3.634500,8
3.635496,6
3.636500,4
3.637496,3
3.638500,1
3.639500,1
3.640500,1
3.641500,2
3.642500,3
3.643500,5
3.644500,7
3.645500,8
3.646500,10
3.647500,12
3.648500,13
3.649500,14
3.650504,14
3.651504,13
3.652500,12
3.653500,10
3.654504,8
3.658500,1
3.659504,1
3.660500,1
3.661504,2
3.662504,3
3.663500,5
3.664504,7
3.665508,8
3.666504,10
3.667500,12
3.668504,13
3.669508,14
3.670504,14
3.671504,13
3.672504,12
3.673504,10
3.674504,8
3.675508,6
3.676504,4
3.677508,3
3.678508,1
3.679504,1
3.680508,1
3.681504,2
3.682504,3
3.683508,5
3.684504,7
3.685508,8
3.686508,10
3.687508,12
3.688508,13
3.689504,14
3.690504,14
3.691504,13
3.692508,12
3.693508,10
3.694504,8
3.695508,6
3.696508,4
3.697508,3
3.698516,1
3.702508,3
3.703508,5
3.704508,7
3.705508,8
3.706512,10
3.707508,12
3.708512,13
3.709512,14
3.710508,14
3.711512,13
3.712508,12
3.713508,10
3.714512,8
3.715508,6
3.716512,4
3.717508,3
3.718512,1
3.719512,1
3.720512,1
3.721508,2
3.722508,3
3.723512,5
3.724512,7
3.725512,8
3.726512,10
3.727512,12
3.728512,13
3.729512,14
3.730512,14
3.731512,13
3.732512,12
3.733516,10
3.734512,8
3.735516,6
3.736512,4
3.737512,3
3.738516,1
3.739512,1
3.740516,1
3.741520,2
3.742512,3
3.746516,10
3.747512,12
3.748516,13
3.749516,14
3.750516,14
3.751516,13
3.752516,12
3.753512,10
3.754516,8
3.755516,6
3.756516,4
3.757520,3
3.758516,1
3.759516,1
3.760516,1
3.761516,2
3.762516,3
3.763520,5
3.764520,7
3.765520,8
3.766516,10
3.767516,12
3.768516,13
3.769516,14
3.770520,14
3.771516,13
3.772520,12
3.773520,10
3.774516,8
3.775520,6
3.776524,4
3.777520,3
3.778520,1
3.779524,1
3.780516,1
3.781520,2
3.782520,3
3.783524,5
3.784528,7
3.785524,8
3.786524,10
3.790520,14
3.791520,13
3.792524,12
3.793520,10
3.794524,8
3.795524,6
3.796524,4
3.797524,3
3.798524,1
3.799524,1
3.800520,1
3.801524,2
3.802524,3
3.803524,5
3.804524,7
3.805524,8
3.806524,10
3.807524,12
3.808524,13
3.809524,14
3.810524,14
3.811528,13
3.812524,12
3.813528,10
3.814524,8
3.815524,6
3.816528,4
3.817524,3
3.818528,1
3.819528,1
3.820528,1
3.821528,2
3.822528,3
3.823524,5
3.824528,7
3.825524,8
3.826532,10
3.827532,12
3.828528,13
3.829524,14
3.830528,14
3.831524,13
3.835528,6
3.836528,4
3.837528,3
3.838528,1
3.839528,1
3.840532,1
3.841528,2
3.842528,3
3.843532,5
3.844532,7
3.845528,8
3.846532,10
3.847532,12
3.848528,13
3.849532,14
3.850532,14
3.851532,13
3.852532,12
3.853532,10
3.854528,8
3.855528,6
3.856528,4
3.857528,3
3.858532,1
3.859532,1
3.860532,1
3.861532,2
3.862532,3
3.863532,5
3.864536,7
3.865536,8
3.866536,10
3.867532,12
3.868536,13
3.869540,14
3.870532,14
3.871536,13
3.872532,12
3.873536,10
3.874536,8
3.875536,6
3.879532,1
3.880532,1
3.881536,2
3.882532,3
3.883536,5
3.884536,7
3.885536,8
3.886532,10
3.887540,12
3.888540,13
3.889532,14
3.890536,14
3.891536,13
3.892536,12
3.893536,10
3.894536,8
3.895540,6
3.896540,4
3.897540,3
3.898540,1
3.899540,1
3.900536,1
3.901536,2
3.902536,3
3.903536,5
3.904540,7
3.905540,8
3.906540,10
3.907540,12
3.908536,13
3.909540,14
3.910540,14
3.911536,13
3.912544,12
3.913540,10
3.914540,8
3.915540,6
3.916540,4
3.917540,3
3.918544,1
3.919540,1
3.923540,5
3.924540,7
3.925540,8
3.926544,10
3.927544,12
3.928540,13
3.929540,14
3.930540,14
3.931544,13
3.932540,12
3.933540,10
3.934544,8
3.935540,6
3.936544,4
3.937540,3
3.938544,1
3.939544,1
3.940544,1
3.941540,2
3.942540,3
3.943544,5
3.944544,7
3.945544,8
3.946544,10
3.947544,12
3.948544,13
3.949544,14
3.950548,14
3.951548,13
3.952548,12
3.953548,10
3.954548,8
3.955548,6
3.956544,4
3.957544,3
3.958548,1
3.959544,1
3.960548,1
3.961544,2
3.962548,3
3.963544,5
3.964548,7
3.968548,13
3.969548,14
3.970548,14
3.971548,13
3.972548,12
3.973552,10
3.974552,8
3.975548,6
3.976548,4
3.977552,3
3.978548,1
3.979548,1
3.980548,1
3.981548,2
3.982548,3
3.983552,5
3.984552,7
3.985552,8
3.986552,10
3.987548,12
3.988548,13
3.989548,14
3.990548,14
3.991552,13
3.992552,12
3.993552,10
3.994552,8
3.995552,6
3.996556,4
3.997552,3
3.998556,1
3.999548,1
4.000552,1
4.001552,2
4.002552,3
4.003552,5
4.004552,7
4.005552,8
4.006552,10
4.007556,12
4.008556,13
4.013556,10
4.014552,8
4.015556,6
4.016552,4
4.017556,3
4.018556,1
4.019556,1
4.020556,1
4.021556,2
4.022556,3
4.023556,5
4.024556,7
4.025552,8
4.026556,10
4.027556,12
4.028556,13
4.029556,14
4.030552,14
4.031556,13
4.032556,12
4.033556,10
4.034556,8
4.035560,6
4.036556,4
4.037556,3
4.038556,1
4.039556,1
4.040560,1
4.041564,2
4.042556,3
4.043560,5
4.044556,7
4.045556,8
4.046556,10
4.047560,12
4.048556,13
4.049560,14
4.050560,14
4.051560,13
4.052556,12
4.053556,10
4.057564,3
4.058560,1
4.059560,1
4.060560,1
4.061560,2
4.062564,3
4.063560,5
4.064560,7
4.065564,8
4.066564,10
4.067560,12
4.068560,13
4.069560,14
4.070560,14
4.071564,13
4.072564,12
4.073564,10
4.074564,8
4.075564,6
4.076560,4
4.077560,3
4.078560,1
4.079564,1
4.080560,1
4.081564,2
4.082564,3
4.083564,5
4.084568,7
4.085568,8
4.086564,10
4.087564,12
4.088568,13
4.089564,14
4.090568,14
4.091564,13
4.092564,12
4.093568,10
4.094564,8
4.095568,6
4.096568,4
4.097568,3
4.101568,2
4.102564,3
4.103568,5
4.104564,7
4.105568,8
4.106568,10
4.107568,12
4.108564,13
4.109568,14
4.110568,14
4.111568,13
4.112568,12
4.113564,10
4.114568,8
4.115568,6
4.116568,4
4.117572,3
4.118572,1
4.119568,1
4.120568,1
4.121572,2
4.122568,3
4.123572,5
4.124568,7
4.125572,8
4.126568,10
4.127576,12
4.128572,13
4.129568,14
4.130572,14
4.131568,13
4.132568,12
4.133568,10
4.134572,8
4.135568,6
4.136572,4
4.137572,3
4.138572,1
4.139572,1
4.140572,1
4.141572,2
4.142572,3
4.146576,10
4.147572,12
4.148572,13
4.149576,14
4.150576,14
4.151576,13
4.152576,12
4.153576,10
4.154572,8
4.155572,6
4.156572,4
4.157572,3
4.158576,1
4.159572,1
4.160576,1
4.161576,2
4.162576,3
4.163580,5
4.164576,7
4.165576,8
4.166576,10
4.167576,12
4.168576,13
4.169576,14
4.170580,14
4.171576,13
4.172576,12
4.173580,10
4.174580,8
4.175580,6
4.176580,4
4.177576,3
4.178576,1
4.179576,1
4.180576,1
4.181580,2
4.182576,3
4.183580,5
4.184580,7
4.185576,8
4.186580,10
4.190580,14
4.191580,13
4.192580,12
4.193580,10
4.194576,8
4.195584,6
4.196580,4
4.197580,3
4.198580,1
4.199584,1
4.200580,1
4.201580,2
4.202580,3
4.203584,5
4.204580,7
4.205584,8
4.206584,10
4.207580,12
4.208584,13
4.209580,14
4.210584,14
4.211580,13
4.212584,12
4.213588,10
4.214584,8
4.215584,6
4.216584,4
4.217584,3
4.218580,1
4.219584,1
4.220584,1
4.221584,2
4.222584,3
4.223580,5
4.224584,7
4.225584,8
4.226588,10
4.227588,12
4.228584,13
4.229584,14
4.230588,14
4.234588,8
4.235584,6
4.236588,4
4.237588,3
4.238588,1
4.239588,1
4.240588,1
4.241588,2
4.242588,3
4.243588,5
4.244588,7
4.245584,8
4.246588,10
4.247588,12
4.248588,13
4.249592,14
4.250588,14
4.251588,13
4.252592,12
4.253588,10
4.254592,8
4.255588,6
4.256596,4
4.257592,3
4.258588,1
4.259592,1
4.260588,1
4.261588,2
4.262592,3
4.263592,5
4.264588,7
4.265588,8
4.266588,10
4.267588,12
4.268592,13
4.269592,14
4.270592,14
4.271592,13
4.272588,12
4.273592,10
4.274592,8
4.275588,6
4.279592,1
4.280592,1
4.281592,2
4.282596,3
4.283592,5
4.284592,7
4.285596,8
4.286596,10
4.287592,12
4.288592,13
4.289592,14
4.290596,14
4.291592,13
4.292596,12
4.293596,10
4.294592,8
4.295596,6
4.296592,4
4.297596,3
4.298596,1
4.299604,1
4.300596,1
4.301596,2
4.302596,3
4.303596,5
4.304596,7
4.305600,8
4.306596,10
4.307596,12
4.308596,13
4.309600,14
4.310596,14
4.311596,13
4.312600,12
4.313596,10
4.314600,8
4.315596,6
4.316600,4
4.317596,3
4.318600,1
4.319596,1
4.323600,5
4.324600,7
4.325600,8
4.326600,10
4.327600,12
4.328600,13
4.329596,14
4.330600,14
4.331600,13
4.332596,12
4.333600,10
4.334600,8
4.335604,6
4.336600,4
4.337600,3
4.338604,1
4.339604,1
4.340604,1
4.341604,2
4.342608,3
4.343600,5
4.344604,7
4.345600,8
4.346604,10
4.347604,12
4.348604,13
4.349604,14
4.350604,14
4.351604,13
4.352604,12
4.353604,10
4.354604,8
4.355600,6
4.356604,4
4.357604,3
4.358604,1
4.359608,1
4.360604,1
4.361604,2
4.362604,3
4.363604,5
4.367608,12
4.368604,13
4.369608,14
4.370608,14
4.371608,13
4.372604,12
4.373604,10
4.374608,8
4.375604,6
4.376604,4
4.377608,3
4.378604,1
4.379608,1
4.380608,1
4.381608,2
4.382608,3
4.383604,5
4.384612,7
4.385616,8
4.386608,10
4.387608,12
4.388608,13
4.389608,14
4.390608,14
4.391608,13
4.392608,12
4.393608,10
4.394608,8
4.395612,6
4.396612,4
4.397608,3
4.398608,1
4.399608,1
4.400608,1
4.401612,2
4.402612,3
4.403612,5
4.404612,7
4.405612,8
4.406608,10
4.407612,12
4.408612,13
4.412612,12
4.413616,10
4.414612,8
4.415608,6
4.416616,4
4.417616,3
4.418612,1
4.419616,1
4.420612,1
4.421612,2
4.422612,3
4.423612,5
4.424616,7
4.425616,8
4.426616,10
4.427620,12
4.428612,13
4.429612,14
4.430616,14
4.431612,13
4.432616,12
4.433612,10
4.434616,8
4.435616,6
4.436616,4
4.437612,3
4.438616,1
4.439616,1
4.440616,1
4.441616,2
4.442616,3
4.443612,5
4.444616,7
4.445616,8
4.446620,10
4.447620,12
4.448620,13
4.449616,14
4.450620,14
4.451616,13
4.452616,12
4.456616,4
4.457620,3
4.458620,1
4.459620,1
4.460620,1
4.461620,2
4.462620,3
4.463620,5
4.464616,7
4.465620,8
4.466620,10
4.467620,12
4.468620,13
4.469620,14
4.470628,14
4.471616,13
4.472620,12
4.473624,10
4.474620,8
4.475620,6
4.476620,4
4.477620,3
4.478620,1
4.479624,1
4.480624,1
4.481624,2
4.482624,3
4.483624,5
4.484620,7
4.485620,8
4.486620,10
4.487624,12
4.488620,13
4.489624,14
4.490620,14
4.491624,13
4.492620,12
4.493620,10
4.494624,8
4.495624,6
4.496624,4
4.500624,1
4.501624,2
4.502628,3
4.503628,5
4.504628,7
4.505628,8
4.506624,10
4.507628,12
4.508624,13
4.509628,14
4.510624,14
4.511628,13
4.512628,12
4.513632,10
4.514624,8
4.515628,6
4.516624,4
4.517624,3
4.518628,1
4.519628,1
4.520628,1
4.521628,2
4.522628,3
4.523628,5
4.524628,7
4.525624,8
4.526624,10
4.527628,12
4.528632,13
4.529628,14
4.530628,14
4.531628,13
4.532628,12
4.533628,10
4.534628,8
4.535628,6
4.536632,4
4.537628,3
4.538632,1
4.539628,1
4.540632,1
4.544632,7
4.545632,8
4.546632,10
4.547632,12
4.548632,13
4.549632,14
4.550632,14
4.551632,13
4.552628,12
4.553632,10
4.554632,8
4.555632,6
4.556640,4
4.557636,3
4.558632,1
4.559632,1
4.560636,1
4.561632,2
4.562636,3
4.563632,5
4.564632,7
4.565632,8
4.566636,10
4.567636,12
4.568636,13
4.569636,14
4.570632,14
4.571632,13
4.572632,12
4.573636,10
4.574632,8
4.575636,6
4.576632,4
4.577636,3
4.578636,1
4.579636,1
4.580636,1
4.581636,2
4.582632,3
4.583636,5
4.584640,7
4.585636,8
4.589636,14
4.590640,14
4.591640,13
4.592636,12
4.593636,10
4.594640,8
4.595636,6
4.596640,4
4.597636,3
4.598636,1
4.599644,1
4.600640,1
4.601636,2
4.602640,3
4.603636,5
4.604640,7
4.605640,8
4.606640,10
4.607640,12
4.608640,13
4.609640,14
4.610640,14
4.611640,13
4.612640,12
4.613640,10
4.614644,8
4.615640,6
4.616644,4
4.617640,3
4.618640,1
4.619640,1
4.620644,1
4.621640,2
4.622644,3
4.623644,5
4.624644,7
4.625640,8
4.626640,10
4.627640,12
4.628644,13
4.629640,14
4.633644,10
4.634640,8
4.635640,6
4.636648,4
4.637648,3
4.638648,1
4.639644,1
4.640648,1
4.641644,2
4.642648,3
4.643648,5
4.644644,7
4.645648,8
4.646648,10
4.647648,12
4.648644,13
4.649644,14
4.650644,14
4.651644,13
4.652648,12
4.653648,10
4.654648,8
4.655644,6
4.656648,4
4.657644,3
4.658648,1
4.659648,1
4.660648,1
4.661648,2
4.662648,3
4.663644,5
4.664648,7
4.665648,8
4.666648,10
4.667648,12
4.668648,13
4.669648,14
4.670652,14
4.671648,13
4.672652,12
4.673648,10
4.677648,3
4.678652,1
4.679652,1
4.680652,1
4.681648,2
4.682648,3
4.683648,5
4.684652,7
4.685660,8
4.686652,10
4.687652,12
4.688652,13
4.689648,14
4.690656,14
4.691652,13
4.692652,12
4.693652,10
4.694656,8
4.695652,6
4.696652,4
4.697652,3
4.698652,1
4.699652,1
4.700652,1
4.701652,2
4.702652,3
4.703652,5
4.704656,7
4.705652,8
4.706652,10
4.707656,12
4.708656,13
4.709652,14
4.710656,14
4.711652,13
4.712656,12
4.713656,10
4.714656,8
4.715656,6
4.716660,4
4.717652,3
4.718656,1
4.722656,3
4.723656,5
4.724656,7
4.725656,8
4.726656,10
4.727660,12
4.728664,13
4.729656,14
4.730656,14
4.731660,13
4.732660,12
4.733656,10
4.734660,8
4.735656,6
4.736660,4
4.737656,3
4.738656,1
4.739660,1
4.740656,1
4.741660,2
4.742660,3
4.743660,5
4.744656,7
4.745660,8
4.746660,10
4.747656,12
4.748660,13
4.749660,14
4.750660,14
4.751660,13
4.752660,12
4.753664,10
4.754664,8
4.755660,6
4.756660,4
4.757664,3
4.758664,1
4.759660,1
4.760660,1
4.761660,2
4.762660,3
4.766664,10
4.767664,12
4.768660,13
4.769660,14
4.770664,14
4.771672,13
4.772664,12
4.773664,10
4.774664,8
4.775664,6
4.776664,4
4.777664,3
4.778664,1
4.779668,1
4.780668,1
4.781664,2
4.782668,3
4.783664,5
4.784664,7
4.785664,8
4.786668,10
4.787668,12
4.788668,13
4.789668,14
4.790668,14
4.791664,13
4.792664,12
4.793668,10
4.794664,8
4.795668,6
4.796664,4
4.797668,3
4.798668,1
4.799668,1
4.800672,1
4.801668,2
4.802668,3
4.803672,5
4.804668,7
4.805672,8
4.806668,10
4.810668,14
4.811672,13
4.812672,12
4.813668,10
4.814680,8
4.815668,6
4.816668,4
4.817668,3
4.818672,1
4.819672,1
4.820672,1
4.821672,2
4.822672,3
4.823672,5
4.824672,7
4.825672,8
4.826672,10
4.827672,12
4.828672,13
4.829672,14
4.830672,14
4.831672,13
4.832672,12
4.833672,10
4.834672,8
4.835676,6
4.836676,4
4.837672,3
4.838672,1
4.839672,1
4.840672,1
4.841672,2
4.842676,3
4.843676,5
4.844676,7
4.845672,8
4.846676,10
4.847672,12
4.848676,13
4.849672,14
4.850676,14
4.854672,8
4.855680,6
4.856680,4
4.857684,3
4.858676,1
4.859672,1
4.860676,1
4.861676,2
4.862676,3
4.863676,5
4.864680,7
4.865680,8
4.866676,10
4.867676,12
4.868676,13
4.869680,14
4.870676,14
4.871680,13
4.872676,12
4.873680,10
4.874680,8
4.875680,6
4.876680,4
4.877676,3
4.878680,1
4.879680,1
4.880680,1
4.881680,2
4.882676,3
4.883680,5
4.884680,7
4.885680,8
4.886684,10
4.887680,12
4.888680,13
4.889680,14
4.890680,14
4.891680,13
4.892680,12
4.893680,10
4.894680,8
4.895684,6
4.899688,1
4.900688,1
4.901684,2
4.902684,3
4.903680,5
4.904684,7
4.905684,8
4.906684,10
4.907684,12
4.908684,13
4.909684,14
4.910680,14
4.911684,13
4.912684,12
4.913684,10
4.914684,8
4.915684,6
4.916684,4
4.917684,3
4.918684,1
4.919684,1
4.920688,1
4.921688,2
4.922688,3
4.923684,5
4.924688,7
4.925684,8
4.926684,10
4.927688,12
4.928684,13
4.929688,14
4.930688,14
4.931688,13
4.932684,12
4.933684,10
4.934684,8
4.935684,6
4.936688,4
4.937684,3
4.938688,1
4.939688,1
4.943696,5
4.944692,7
4.945692,8
4.946688,10
4.947692,12
4.948688,13
4.949688,14
4.950692,14
4.951688,13
4.952692,12
4.953692,10
4.954688,8
4.955692,6
4.956692,4
4.957688,3
4.958688,1
4.959692,1
4.960688,1
4.961692,2
4.962692,3
4.963692,5
4.964692,7
4.965692,8
4.966692,10
4.967692,12
4.968692,13
4.969692,14
4.970692,14
4.971692,13
4.972692,12
4.973692,10
4.974696,8
4.975696,6
4.976692,4
4.977692,3
4.978696,1
4.979692,1
4.980696,1
4.981692,2
4.982696,3
4.983692,5
4.987692,12
4.988692,13
4.989692,14
4.990696,14
4.991692,13
4.992696,12
4.993696,10
4.994696,8
4.995696,6
4.996696,4
4.997696,3
4.998700,1
4.999700,1
5.000700,1
5.001696,2
5.002696,3
5.003696,5
5.004696,7
5.005696,8
5.006700,10
5.007700,12
5.008696,13
5.009700,14
5.010696,14
5.011696,13
5.012696,12
5.013696,10
5.014700,8
5.015700,6
5.016700,4
5.017700,3
5.018700,1
5.019696,1
5.020700,1
5.021700,2
5.022700,3
5.023700,5
5.024700,7
5.025700,8
5.026700,10
5.027700,12
5.028708,13
5.032700,12
5.033700,10
5.034700,8
5.035700,6
5.036704,4
5.037700,3
5.038704,1
5.039704,1
5.040704,1
5.041704,2
5.042704,3
5.043700,5
5.044700,7
5.045700,8
5.046704,10
5.047700,12
5.048704,13
5.049708,14
5.050704,14
5.051704,13
5.052704,12
5.053704,10
5.054704,8
5.055708,6
5.056704,4
5.057708,3
5.058704,1
5.059704,1
5.060704,1
5.061708,2
5.062708,3
5.063708,5
5.064708,7
5.065708,8
5.066704,10
5.067704,12
5.068704,13
5.069708,14
5.070708,14
5.071712,13
5.072708,12
5.076708,4
5.077708,3
5.078708,1
5.079708,1
5.080712,1
5.081708,2
5.082708,3
5.083708,5
5.084712,7
5.085712,8
5.086712,10
5.087712,12
5.088708,13
5.089708,14
5.090708,14
5.091708,13
5.092708,12
5.093712,10
5.094712,8
5.095712,6
5.096712,4
5.097712,3
5.098708,1
5.099708,1
5.100708,1
5.101708,2
5.102712,3
5.103712,5
5.104712,7
5.105712,8
5.106712,10
5.107708,12
5.108712,13
5.109712,14
5.110712,14
5.111712,13
5.112712,12
5.113712,10
5.114720,8
5.115712,6
5.116716,4
