0.000980,12
0.013984,11
0.014980,11
0.015980,12
0.016980,12
0.017980,12
0.018984,12
0.019980,11
0.020984,11
0.021984,11
0.022984,11
0.023984,12
0.024980,12
0.025980,12
0.026984,11
0.027984,11
0.028984,11
0.029984,11
0.030984,11
0.031984,12
0.032984,12
0.033984,12
0.034984,11
0.035984,11
0.036984,11
0.037984,11
0.038988,11
0.039988,12
0.040984,12
0.041984,12
0.042984,12
0.043988,11
0.044984,11
0.045988,11
0.046988,11
0.047988,12
0.048984,12
0.049988,12
0.050984,12
0.051992,11
0.055988,12
0.056992,12
0.057988,12
0.058988,12
0.059988,11
0.060988,11
0.061988,11
0.062992,11
0.063992,12
0.064992,12
0.065988,12
0.066988,12
0.067988,11
0.068992,11
0.069988,11
0.070992,11
0.071988,12
0.072988,12
0.073992,12
0.074988,12
0.075992,11
0.076992,10
0.077992,10
0.078988,11
0.079988,12
0.080988,13
0.081988,14
0.082992,12
0.083988,9
0.084992,6
0.085992,3
0.086992,1
0.087992,1
0.088992,4
0.089992,7
0.090992,11
0.091992,13
0.092992,14
0.093996,13
0.094996,12
0.098996,11
0.099996,12
0.100996,12
0.101992,12
0.102992,12
0.103996,11
0.104996,11
0.105992,11
0.106996,11
0.107992,12
0.108996,12
0.109992,12
0.110992,12
0.111996,11
0.112996,11
0.113996,11
0.114996,11
0.115996,12
0.116996,12
0.118000,12
0.118996,12
0.119996,11
0.120996,11
0.121996,11
0.122996,11
0.123996,12
0.124996,12
0.125996,12
0.126996,11
0.127996,11
0.128996,11
0.130000,11
0.130996,11
0.132000,12
0.132996,12
0.134000,12
0.135000,11
0.136000,11
0.137000,11
0.141000,12
0.142000,12
0.143000,12
0.144000,11
0.145000,11
0.146000,11
0.147000,11
0.148000,12
0.149000,12
0.150000,12
0.151004,12
0.152000,11
0.153000,11
0.154000,11
0.155000,11
0.156000,12
0.157004,12
0.158000,12
0.159004,12
0.160000,11
0.161000,11
0.162004,11
0.163000,11
0.164004,12
0.165004,12
0.166000,12
0.167004,12
0.168008,11
0.169000,11
0.170004,11
0.171004,11
0.172004,12
0.173004,12
0.174000,12
0.175004,12
0.176004,11
0.177004,10
0.178008,10
0.179008,11
0.180004,12
0.184004,9
0.185008,6
0.186004,3
0.187004,1
0.188008,1
0.189008,4
0.190004,7
0.191004,11
0.192008,13
0.193004,14
0.194008,13
0.195008,12
0.196008,11
0.197008,10
0.198004,10
0.199004,11
0.200008,12
0.201008,12
0.202008,12
0.203008,12
0.204008,11
0.205008,11
0.206012,11
0.207008,11
0.208012,12
0.209008,12
0.210012,12
0.211012,12
0.212008,11
0.213008,11
0.214008,11
0.215012,11
0.216008,12
0.217012,12
0.218012,12
0.219012,12
0.220012,11
0.221012,11
0.222012,11
0.223012,11
0.227016,11
0.228012,11
0.229012,11
0.230008,11
0.231008,11
0.232012,12
0.233016,12
0.234016,12
0.235012,11
0.236012,11
0.237012,11
0.238012,11
0.239016,11
0.240016,12
0.241016,12
0.242016,12
0.243016,12
0.244012,11
0.245012,11
0.246012,11
0.247016,11
0.248012,12
0.249016,12
0.250016,12
0.251016,12
0.252016,11
0.253016,11
0.254016,11
0.255020,11
0.256020,12
0.257020,12
0.258012,12
0.259016,12
0.260016,11
0.261016,11
0.262016,11
0.263016,11
0.264016,12
0.265016,12
0.269020,11
0.270016,11
0.271016,11
0.272020,12
0.273016,12
0.274020,12
0.275020,12
0.276020,11
0.277020,10
0.278020,10
0.279016,11
0.280020,12
0.281016,13
0.282020,14
0.283020,12
0.284020,9
0.285020,6
0.286024,3
0.287020,1
0.288020,1
0.289020,4
0.290020,7
0.291020,11
0.292024,13
0.293020,14
0.294020,13
0.295024,12
0.296024,11
0.297024,10
0.298024,10
0.299024,11
0.300024,12
0.301020,12
0.302024,12
0.303024,12
0.304024,11
0.305024,11
0.306024,11
0.307024,11
0.308024,12
0.312020,11
0.313024,11
0.314024,11
0.315024,11
0.316024,12
0.317024,12
0.318024,12
0.319028,12
0.320024,11
0.321024,11
0.322028,11
0.323024,11
0.324024,12
0.325024,12
0.326024,12
0.327024,11
0.328028,11
0.329028,11
0.330028,11
0.331028,11
0.332024,12
0.333028,12
0.334028,12
0.335028,11
0.336028,11
0.337028,11
0.338028,11
0.339028,11
0.340028,12
0.341028,12
0.342032,12
0.343032,12
0.344032,11
0.345028,11
0.346032,11
0.347028,11
0.348028,12
0.349028,12
0.350028,12
0.354028,11
0.355032,11
0.356028,12
0.357028,12
0.358028,12
0.359032,12
0.360028,11
0.361032,11
0.362032,11
0.363032,11
0.364028,12
0.365032,12
0.366032,12
0.367036,12
0.368028,11
0.369032,11
0.370032,11
0.371032,11
0.372032,12
0.373032,12
0.374032,12
0.375032,12
0.376032,11
0.377036,10
0.378036,10
0.379032,11
0.380032,12
0.381032,13
0.382036,14
0.383032,12
0.384036,9
0.385036,6
0.386036,3
0.387036,1
0.388032,1
0.389036,4
0.390036,7
0.391032,11
0.392036,13
0.393036,14
0.397036,10
0.398036,10
0.399036,11
0.400036,12
0.401036,12
0.402036,12
0.403036,12
0.404036,11
0.405036,11
0.406040,11
0.407040,11
0.408040,12
0.409036,12
0.410040,12
0.411036,12
0.412036,11
0.413036,11
0.414040,11
0.415040,11
0.416040,12
0.417040,12
0.418040,12
0.419036,12
0.420036,11
0.421036,11
0.422040,11
0.423036,11
0.424040,12
0.425040,12
0.426040,12
0.427040,11
0.428044,11
0.429040,11
0.430040,11
0.431044,11
0.432044,12
0.433040,12
0.434040,12
0.435040,11
0.436040,11
0.440044,12
0.441044,12
0.442040,12
0.443040,12
0.444040,11
0.445044,11
0.446040,11
0.447044,11
0.448044,12
0.449044,12
0.450044,12
0.451044,12
0.452048,11
0.453044,11
0.454044,11
0.455048,11
0.456044,12
0.457044,12
0.458044,12
0.459044,12
0.460044,11
0.461048,11
0.462048,11
0.463048,11
0.464048,12
0.465048,12
0.466044,12
0.467044,12
0.468044,11
0.469048,11
0.470044,11
0.471048,11
0.472048,12
0.473048,12
0.474048,12
0.475048,12
0.476048,11
0.477048,10
0.478048,10
0.482056,14
0.483052,12
0.484052,9
0.485048,6
0.486048,3
0.487048,1
0.488048,1
0.489052,4
0.490048,7
0.491048,11
0.492048,13
0.493052,14
0.494052,13
0.495052,12
0.496052,11
0.497052,10
0.498048,10
0.499048,11
0.500048,12
0.501048,12
0.502052,12
0.503048,12
0.504052,11
0.505052,11
0.506052,11
0.507052,11
0.508052,12
0.509052,12
0.510052,12
0.511056,12
0.512056,11
0.513052,11
0.514056,11
0.515052,11
0.516052,12
0.517056,12
0.518052,12
0.519056,12
0.520056,11
0.521056,11
0.525060,12
0.526056,12
0.527056,11
0.528056,11
0.529056,11
0.530056,11
0.531056,11
0.532056,12
0.533056,12
0.534056,12
0.535052,11
0.536056,11
0.537056,11
0.538056,11
0.539056,11
0.540056,12
0.541056,12
0.542056,12
0.543056,12
0.544060,11
0.545056,11
0.546056,11
0.547056,11
0.548056,12
0.549060,12
0.550060,12
0.551060,12
0.552060,11
0.553060,11
0.554056,11
0.555056,11
0.556056,12
0.557056,12
0.558060,12
0.559060,12
0.560060,11
0.561060,11
0.562060,11
0.563056,11
0.567064,12
0.568068,11
0.569060,11
0.570060,11
0.571060,11
0.572064,12
0.573060,12
0.574060,12
0.575064,12
0.576064,11
0.577060,10
0.578060,10
0.579060,11
0.580060,12
0.581064,13
0.582064,14
0.583060,12
0.584064,9
0.585064,6
0.586060,3
0.587060,1
0.588060,1
0.589060,4
0.590064,7
0.591060,11
0.592064,13
0.593064,14
0.594064,13
0.595064,12
0.596064,11
0.597068,10
0.598068,10
0.599064,11
0.600068,12
0.601064,12
0.602064,12
0.603064,12
0.604068,11
0.605064,11
0.606068,11
0.610076,12
0.611064,12
0.612068,11
0.613064,11
0.614068,11
0.615068,11
0.616068,12
0.617068,12
0.618068,12
0.619068,12
0.620068,11
0.621068,11
0.622072,11
0.623068,11
0.624068,12
0.625068,12
0.626068,12
0.627068,11
0.628072,11
0.629072,11
0.630072,11
0.631072,11
0.632068,12
0.633068,12
0.634068,12
0.635068,11
0.636072,11
0.637072,11
0.638068,11
0.639072,11
0.640068,12
0.641072,12
0.642068,12
0.643072,12
0.644072,11
0.645072,11
0.646072,11
0.647072,11
0.648072,12
0.649072,12
0.653080,11
0.654072,11
0.655076,11
0.656072,12
0.657072,12
0.658072,12
0.659076,12
0.660072,11
0.661076,11
0.662076,11
0.663072,11
0.664076,12
0.665072,12
0.666072,12
0.667072,12
0.668076,11
0.669076,11
0.670072,11
0.671076,11
0.672080,12
0.673076,12
0.674076,12
0.675076,12
0.676076,11
0.677080,10
0.678076,10
0.679076,11
0.680076,12
0.681076,13
0.682076,14
0.683080,12
0.684080,9
0.685080,6
0.686080,3
0.687076,1
0.688080,1
0.689076,4
0.690076,7
0.691076,11
0.695080,12
0.696084,11
0.697080,10
0.698080,10
0.699080,11
0.700076,12
0.701080,12
0.702080,12
0.703080,12
0.704084,11
0.705080,11
0.706080,11
0.707080,11
0.708080,12
0.709084,12
0.710080,12
0.711080,12
0.712080,11
0.713080,11
0.714084,11
0.715080,11
0.716080,12
0.717084,12
0.718084,12
0.719080,12
0.720080,11
0.721080,11
0.722080,11
0.723084,11
0.724084,12
0.725084,12
0.726084,12
0.727084,11
0.728084,11
0.729080,11
0.730080,11
0.731084,11
0.732088,12
0.733084,12
0.734084,12
0.738084,11
0.739092,11
0.740084,12
0.741088,12
0.742084,12
0.743084,12
0.744084,11
0.745084,11
0.746088,11
0.747084,11
0.748088,12
0.749088,12
0.750088,12
0.751084,12
0.752088,11
0.753088,11
0.754088,11
0.755088,11
0.756088,12
0.757088,12
0.758088,12
0.759088,12
0.760088,11
0.761092,11
0.762092,11
0.763092,11
0.764088,12
0.765092,12
0.766088,12
0.767088,12
0.768088,11
0.769088,11
0.770092,11
0.771092,11
0.772092,12
0.773092,12
0.774088,12
0.775092,12
0.776088,11
0.780088,12
0.781092,13
0.782096,14
0.783088,12
0.784088,9
0.785096,6
0.786092,3
0.787092,1
0.788092,1
0.789096,4
0.790092,7
0.791092,11
0.792092,13
0.793096,14
0.794096,13
0.795096,12
0.796096,11
0.797092,10
0.798096,10
0.799092,11
0.800092,12
0.801096,12
0.802096,12
0.803096,12
0.804096,11
0.805096,11
0.806096,11
0.807092,11
0.808092,12
0.809096,12
0.810092,12
0.811096,12
0.812096,11
0.813096,11
0.814096,11
0.815100,11
0.816096,12
0.817096,12
0.818096,12
0.819096,12
0.823100,11
0.824096,12
0.825104,12
0.826096,12
0.827100,11
0.828096,11
0.829096,11
0.830100,11
0.831100,11
0.832096,12
0.833100,12
0.834100,12
0.835096,11
0.836100,11
0.837096,11
0.838096,11
0.839100,11
0.840100,12
0.841100,12
0.842100,12
0.843096,12
0.844100,11
0.845100,11
0.846100,11
0.847100,11
0.848100,12
0.849100,12
0.850100,12
0.851100,12
0.852100,11
0.853100,11
0.854100,11
0.855104,11
0.856100,12
0.857104,12
0.858104,12
0.859104,12
0.860104,11
0.861104,11
0.862100,11
0.866104,12
0.867104,12
0.868108,11
0.869100,11
0.870100,11
0.871100,11
0.872104,12
0.873104,12
0.874104,12
0.875104,12
0.876104,11
0.877104,10
0.878104,10
0.879104,11
0.880108,12
0.881108,13
0.882108,14
0.883104,12
0.884108,9
0.885104,6
0.886108,3
0.887108,1
0.888104,1
0.889104,4
0.890108,7
0.891108,11
0.892108,13
0.893104,14
0.894108,13
0.895108,12
0.896112,11
0.897104,10
0.898108,10
0.899108,11
0.900108,12
0.901108,12
0.902108,12
0.903108,12
0.904108,11
0.908112,12
0.909108,12
0.910112,12
0.911116,12
0.912108,11
0.913112,11
0.914112,11
0.915108,11
0.916112,12
0.917108,12
0.918112,12
0.919108,12
0.920108,11
0.921112,11
0.922112,11
0.923112,11
0.924112,12
0.925108,12
0.926116,12
0.927116,11
0.928116,11
0.929108,11
0.930112,11
0.931112,11
0.932112,12
0.933112,12
0.934116,12
0.935116,11
0.936112,11
0.937112,11
0.938116,11
0.939112,11
0.940112,12
0.941112,12
0.942112,12
0.943116,12
0.944112,11
0.945116,11
0.946116,11
0.947112,11
0.951116,12
0.952116,11
0.953112,11
0.954120,11
0.955120,11
0.956116,12
0.957116,12
0.958116,12
0.959116,12
0.960116,11
0.961120,11
0.962116,11
0.963120,11
0.964116,12
0.965120,12
0.966116,12
0.967120,12
0.968120,11
0.969120,11
0.970116,11
0.971120,11
0.972116,12
0.973116,12
0.974120,12
0.975116,12
0.976120,11
0.977120,10
0.978120,10
0.979120,11
0.980116,12
0.981124,13
0.982120,14
0.983120,12
0.984120,9
0.985116,6
0.986120,3
0.987120,1
0.988120,1
0.989124,4
0.990120,7
0.994124,13
0.995124,12
0.996120,11
0.997128,10
0.998124,10
0.999120,11
1.000124,12
1.001120,12
1.002124,12
1.003120,12
1.004120,11
1.005124,11
1.006124,11
1.007124,11
1.008124,12
1.009124,12
1.010124,12
1.011124,12
1.012128,11
1.013124,11
1.014124,11
1.015124,11
1.016124,12
1.017124,12
1.018124,12
1.019124,12
1.020124,11
1.021128,11
1.022124,11
1.023128,11
1.024128,12
1.025124,12
1.026128,12
1.027124,11
1.028124,11
1.029124,11
1.030128,11
1.031128,11
1.032124,12
1.036128,11
1.037128,11
1.038128,11
1.039132,11
1.040132,12
1.041128,12
1.042128,12
1.043128,12
1.044132,11
1.045132,11
1.046128,11
1.047128,11
1.048132,12
1.049128,12
1.050128,12
1.051128,12
1.052128,11
1.053132,11
1.054132,11
1.055132,11
1.056132,12
1.057132,12
1.058128,12
1.059128,12
1.060128,11
1.061132,11
1.062132,11
1.063128,11
1.064132,12
1.065132,12
1.066136,12
1.067132,12
1.068132,11
1.069132,11
1.070132,11
1.071132,11
1.072136,12
1.073132,12
1.074132,12
1.075132,12
1.079132,11
1.080132,12
1.081132,13
1.082136,14
1.083140,12
1.084136,9
1.085132,6
1.086136,3
1.087136,1
1.088136,1
1.089136,4
1.090136,7
1.091136,11
1.092136,13
1.093132,14
1.094136,13
1.095136,12
1.096136,11
1.097136,10
1.098136,10
1.099136,11
1.100136,12
1.101136,12
1.102136,12
1.103136,12
1.104136,11
1.105136,11
1.106136,11
1.107136,11
1.108140,12
1.109140,12
1.110140,12
1.111140,12
1.112136,11
1.113140,11
1.114140,11
1.115136,11
1.116136,12
1.117140,12
1.121136,11
1.122144,11
1.123140,11
1.124140,12
1.125144,12
1.126144,12
1.127140,11
1.128140,11
1.129140,11
1.130144,11
1.131140,11
1.132140,12
1.133144,12
1.134144,12
1.135140,11
1.136140,11
1.137140,11
1.138140,11
1.139144,11
1.140140,12
1.141144,12
1.142144,12
1.143144,12
1.144140,11
1.145144,11
1.146144,11
1.147144,11
1.148144,12
1.149144,12
1.150140,12
1.151144,12
1.152144,11
1.153148,11
1.154144,11
1.155144,11
1.156144,12
1.157144,12
1.158148,12
1.159144,12
1.160144,11
1.164148,12
1.165148,12
1.166148,12
1.167144,12
1.168156,11
1.169144,11
1.170144,11
1.171148,11
1.172144,12
1.173148,12
1.174148,12
1.175148,12
1.176148,11
1.177148,10
1.178148,10
1.179148,11
1.180148,12
1.181148,13
1.182152,14
1.183148,12
1.184148,9
1.185148,6
1.186148,3
1.187148,1
1.188148,1
1.189152,4
1.190152,7
1.191148,11
1.192148,13
1.193148,14
1.194148,13
1.195152,12
1.196152,11
1.197152,10
1.198152,10
1.199152,11
1.200152,12
1.201152,12
1.202152,12
1.203152,12
1.207152,11
1.208156,12
1.209152,12
1.210152,12
1.211160,12
1.212152,11
1.213156,11
1.214152,11
1.215152,11
1.216152,12
1.217152,12
1.218156,12
1.219156,12
1.220156,11
1.221156,11
1.222152,11
1.223156,11
1.224152,12
1.225156,12
1.226152,12
1.227156,11
1.228152,11
1.229156,11
1.230156,11
1.231152,11
1.232156,12
1.233156,12
1.234156,12
1.235156,11
1.236156,11
1.237156,11
1.238152,11
1.239156,11
1.240160,12
1.241156,12
1.242156,12
1.243156,12
1.244156,11
1.245160,11
1.249156,12
1.250160,12
1.251160,12
1.252160,11
1.253160,11
1.254168,11
1.255156,11
1.256160,12
1.257160,12
1.258156,12
1.259160,12
1.260160,11
1.261160,11
1.262160,11
1.263160,11
1.264160,12
1.265160,12
1.266160,12
1.267164,12
1.268160,11
1.269160,11
1.270164,11
1.271160,11
1.272164,12
1.273160,12
1.274160,12
1.275160,12
1.276160,11
1.277160,10
1.278164,10
1.279160,11
1.280160,12
1.281164,13
1.282160,14
1.283164,12
1.284164,9
1.285164,6
1.286164,3
1.287164,1
1.288164,1
1.292164,13
1.293164,14
1.294164,13
1.295164,12
1.296168,11
1.297172,10
1.298164,10
1.299164,11
1.300164,12
1.301164,12
1.302164,12
1.303164,12
1.304164,11
1.305168,11
1.306168,11
1.307168,11
1.308168,12
1.309168,12
1.310164,12
1.311164,12
1.312164,11
1.313168,11
1.314164,11
1.315168,11
1.316168,12
1.317168,12
1.318168,12
1.319172,12
1.320168,11
1.321168,11
1.322172,11
1.323168,11
1.324172,12
1.325168,12
1.326168,12
1.327168,11
1.328172,11
1.329172,11
1.330172,11
1.334172,12
1.335168,11
1.336168,11
1.337172,11
1.338172,11
1.339172,11
1.340176,12
1.341172,12
1.342168,12
1.343168,12
1.344172,11
1.345172,11
1.346172,11
1.347172,11
1.348172,12
1.349172,12
1.350172,12
1.351176,12
1.352172,11
1.353172,11
1.354176,11
1.355172,11
1.356176,12
1.357172,12
1.358172,12
1.359172,12
1.360176,11
1.361176,11
1.362176,11
1.363176,11
1.364176,12
1.365172,12
1.366172,12
1.367172,12
1.368172,11
1.369176,11
1.370176,11
1.371176,11
1.372176,12
1.373176,12
1.377176,10
1.378176,10
1.379180,11
1.380176,12
1.381176,13
1.382176,14
1.383184,12
1.384176,9
1.385176,6
1.386180,3
1.387176,1
1.388180,1
1.389176,4
1.390180,7
1.391180,11
1.392176,13
1.393180,14
1.394180,13
1.395180,12
1.396176,11
1.397180,10
1.398180,10
1.399180,11
1.400180,12
1.401180,12
1.402180,12
1.403180,12
1.404180,11
1.405180,11
1.406180,11
1.407180,11
1.408180,12
1.409184,12
1.410180,12
1.411180,12
1.412180,11
1.413180,11
1.414184,11
1.415180,11
1.416184,12
1.420184,11
1.421180,11
1.422180,11
1.423184,11
1.424184,12
1.425180,12
1.426192,12
1.427184,11
1.428184,11
1.429180,11
1.430180,11
1.431184,11
1.432184,12
1.433184,12
1.434184,12
1.435184,11
1.436184,11
1.437184,11
1.438188,11
1.439188,11
1.440184,12
1.441184,12
1.442184,12
1.443188,12
1.444184,11
1.445184,11
1.446188,11
1.447184,11
1.448188,12
1.449188,12
1.450188,12
1.451188,12
1.452184,11
1.453184,11
1.454184,11
1.455184,11
1.456188,12
1.457188,12
1.458188,12
1.462192,11
1.463192,11
1.464188,12
1.465192,12
1.466188,12
1.467192,12
1.468188,11
1.469196,11
1.470188,11
1.471192,11
1.472192,12
1.473192,12
1.474188,12
1.475192,12
1.476188,11
1.477188,10
1.478192,10
1.479188,11
1.480192,12
1.481192,13
1.482192,14
1.483192,12
1.484192,9
1.485192,6
1.486192,3
1.487192,1
1.488192,1
1.489192,4
1.490192,7
1.491192,11
1.492192,13
1.493196,14
1.494192,13
1.495192,12
1.496192,11
1.497192,10
1.498192,10
1.499192,11
1.500192,12
1.501192,12
1.505196,11
1.506196,11
1.507192,11
1.508192,12
1.509192,12
1.510196,12
1.511192,12
1.512200,11
1.513196,11
1.514196,11
1.515196,11
1.516196,12
1.517192,12
1.518196,12
1.519196,12
1.520196,11
1.521196,11
1.522196,11
1.523196,11
1.524196,12
1.525200,12
1.526196,12
1.527200,11
1.528196,11
1.529196,11
1.530200,11
1.531196,11
1.532200,12
1.533196,12
1.534200,12
1.535200,11
1.536200,11
1.537200,11
1.538196,11
1.539196,11
1.540200,12
1.541200,12
1.542200,12
1.543200,12
1.547200,11
1.548200,12
1.549200,12
1.550200,12
1.551200,12
1.552204,11
1.553200,11
1.554200,11
1.555208,11
1.556200,12
1.557204,12
1.558200,12
1.559204,12
1.560204,11
1.561200,11
1.562200,11
1.563200,11
1.564204,12
1.565200,12
1.566204,12
1.567204,12
1.568204,11
1.569204,11
1.570204,11
1.571204,11
1.572204,12
1.573204,12
1.574208,12
1.575208,12
1.576204,11
1.577204,10
1.578204,10
1.579204,11
1.580208,12
1.581204,13
1.582204,14
1.583208,12
1.584208,9
1.585204,6
1.586208,3
1.590204,7
1.591208,11
1.592208,13
1.593208,14
1.594204,13
1.595204,12
1.596204,11
1.597212,10
1.598212,10
1.599208,11
1.600208,12
1.601208,12
1.602212,12
1.603208,12
1.604208,11
1.605208,11
1.606208,11
1.607212,11
1.608208,12
1.609208,12
1.610208,12
1.611208,12
1.612212,11
1.613212,11
1.614212,11
1.615212,11
1.616208,12
1.617212,12
1.618208,12
1.619212,12
1.620212,11
1.621212,11
1.622212,11
1.623212,11
1.624212,12
1.625212,12
1.626212,12
1.627212,11
1.628212,11
1.632216,12
1.633212,12
1.634212,12
1.635216,11
1.636216,11
1.637216,11
1.638216,11
1.639216,11
1.640216,12
1.641220,12
1.642216,12
1.643212,12
1.644216,11
1.645216,11
1.646216,11
1.647216,11
1.648216,12
1.649216,12
1.650216,12
1.651216,12
1.652216,11
1.653216,11
1.654212,11
1.655216,11
1.656216,12
1.657220,12
1.658216,12
1.659216,12
1.660216,11
1.661216,11
1.662220,11
1.663216,11
1.664216,12
1.665216,12
1.666216,12
1.667220,12
1.668220,11
1.669220,11
1.670220,11
1.671220,11
1.675220,12
1.676220,11
1.677220,10
1.678220,10
1.679220,11
1.680216,12
1.681220,13
1.682220,14
1.683228,12
1.684224,9
1.685220,6
1.686220,3
1.687224,1
1.688220,1
1.689220,4
1.690220,7
1.691220,11
1.692224,13
1.693224,14
1.694224,13
1.695220,12
1.696220,11
1.697220,10
1.698224,10
1.699220,11
1.700224,12
1.701224,12
1.702224,12
1.703220,12
1.704224,11
1.705224,11
1.706224,11
1.707224,11
1.708224,12
1.709220,12
1.710224,12
1.711224,12
1.712228,11
1.713224,11
1.714224,11
1.718228,12
1.719224,12
1.720224,11
1.721224,11
1.722228,11
1.723228,11
1.724228,12
1.725228,12
1.726232,12
1.727224,11
1.728228,11
1.729228,11
1.730228,11
1.731224,11
1.732228,12
1.733228,12
1.734228,12
1.735228,11
1.736224,11
1.737224,11
1.738224,11
1.739228,11
1.740232,12
1.741228,12
1.742228,12
1.743228,12
1.744228,11
1.745232,11
1.746228,11
1.747228,11
1.748232,12
1.749232,12
1.750228,12
1.751228,12
1.752228,11
1.753228,11
1.754232,11
1.755228,11
1.756232,12
1.760232,11
1.761232,11
1.762232,11
1.763232,11
1.764232,12
1.765232,12
1.766232,12
1.767232,12
1.768236,11
1.769240,11
1.770240,11
1.771232,11
1.772232,12
1.773232,12
1.774232,12
1.775232,12
1.776232,11
1.777232,10
1.778236,10
1.779236,11
1.780236,12
1.781232,13
1.782236,14
1.783232,12
1.784236,9
1.785232,6
1.786232,3
1.787236,1
1.788236,1
1.789236,4
1.790236,7
1.791236,11
1.792240,13
1.793236,14
1.794236,13
1.795236,12
1.796232,11
1.797236,10
1.798236,10
1.799236,11
1.803236,12
1.804236,11
1.805236,11
1.806236,11
1.807236,11
1.808236,12
1.809240,12
1.810240,12
1.811240,12
1.812244,11
1.813236,11
1.814236,11
1.815236,11
1.816236,12
1.817240,12
1.818236,12
1.819240,12
1.820240,11
1.821240,11
1.822244,11
1.823240,11
1.824236,12
1.825240,12
1.826240,12
1.827240,11
1.828240,11
1.829240,11
1.830244,11
1.831240,11
1.832244,12
1.833240,12
1.834240,12
1.835244,11
1.836240,11
1.837244,11
1.838240,11
1.839240,11
1.840244,12
1.841240,12
1.845240,11
1.846240,11
1.847240,11
1.848244,12
1.849244,12
1.850244,12
1.851244,12
1.852244,11
1.853244,11
1.854244,11
1.855252,11
1.856244,12
1.857244,12
1.858244,12
1.859248,12
1.860244,11
1.861244,11
1.862244,11
1.863244,11
1.864244,12
1.865248,12
1.866248,12
1.867248,12
1.868248,11
1.869244,11
1.870244,11
1.871244,11
1.872248,12
1.873244,12
1.874248,12
1.875248,12
1.876248,11
1.877248,10
1.878248,10
1.879244,11
1.880248,12
1.881248,13
1.882248,14
1.883248,12
1.884248,9
1.888248,1
1.889252,4
1.890248,7
1.891248,11
1.892252,13
1.893248,14
1.894248,13
1.895252,12
1.896248,11
1.897252,10
1.898256,10
1.899252,11
1.900252,12
1.901252,12
1.902252,12
1.903252,12
1.904252,11
1.905252,11
1.906252,11
1.907252,11
1.908252,12
1.909252,12
1.910256,12
1.911252,12
1.912252,11
1.913256,11
1.914252,11
1.915256,11
1.916252,12
1.917252,12
1.918252,12
1.919256,12
1.920256,11
1.921252,11
1.922252,11
1.923256,11
1.924252,12
1.925252,12
1.926252,12
1.930256,11
1.931256,11
1.932252,12
1.933260,12
1.934260,12
1.935256,11
1.936256,11
1.937256,11
1.938260,11
1.939256,11
1.940256,12
1.941264,12
1.942260,12
1.943256,12
1.944256,11
1.945260,11
1.946260,11
1.947256,11
1.948256,12
1.949256,12
1.950256,12
1.951260,12
1.952260,11
1.953260,11
1.954260,11
1.955260,11
1.956256,12
1.957256,12
1.958256,12
1.959260,12
1.960256,11
1.961260,11
1.962260,11
1.963260,11
1.964260,12
1.965260,12
1.966260,12
1.967260,12
1.968260,11
1.969260,11
1.974260,12
1.975260,12
1.976260,11
1.977260,10
1.978260,10
1.979264,11
1.980260,12
1.981260,13
1.982264,14
1.983260,12
1.984268,9
1.985264,6
1.986264,3
1.987264,1
1.988264,1
1.989260,4
1.990260,7
1.991264,11
1.992268,13
1.993264,14
1.994264,13
1.995264,12
1.996264,11
1.997264,10
1.998268,10
1.999268,11
2.000268,12
2.001268,12
2.002268,12
2.003264,12
2.004264,11
2.005264,11
2.006268,11
2.007264,11
2.008268,12
2.009268,12
2.010268,12
2.011268,12
2.012264,11
2.013264,11
2.018268,12
2.019272,12
2.020268,11
2.021272,11
2.022268,11
2.023268,11
2.024272,12
2.025268,12
2.026272,12
2.027272,11
2.028272,11
2.029268,11
2.030272,11
2.031268,11
2.032272,12
2.033268,12
2.034272,12
2.035268,11
2.036268,11
2.037268,11
2.038272,11
2.039268,11
2.040272,12
2.041272,12
2.042272,12
2.043272,12
2.044272,11
2.045272,11
2.046272,11
2.047272,11
2.048272,12
2.049272,12
2.050272,12
2.051272,12
2.052272,11
2.053276,11
2.054276,11
2.055276,11
2.056276,12
2.060276,11
2.061272,11
2.062276,11
2.063276,11
2.064276,12
2.065276,12
2.066276,12
2.067272,12
2.068272,11
2.069272,11
2.070280,11
2.071276,11
2.072272,12
2.073276,12
2.074276,12
2.075276,12
2.076276,11
2.077276,10
2.078280,10
2.079276,11
2.080280,12
2.081276,13
2.082276,14
2.083276,12
2.084276,9
2.085276,6
2.086280,3
2.087280,1
2.088280,1
2.089280,4
2.090276,7
2.091276,11
2.092276,13
2.093276,14
2.094280,13
2.095280,12
2.096280,11
2.097280,10
2.098280,10
2.099276,11
2.103280,12
2.104280,11
2.105280,11
2.106280,11
2.107284,11
2.108284,12
2.109284,12
2.110284,12
2.111284,12
2.112280,11
2.113284,11
2.114280,11
2.115284,11
2.116284,12
2.117280,12
2.118284,12
2.119284,12
2.120280,11
2.121284,11
2.122280,11
2.123284,11
2.124284,12
2.125284,12
2.126284,12
2.127284,11
2.128284,11
2.129284,11
2.130284,11
2.131284,11
2.132284,12
2.133284,12
2.134284,12
2.135288,11
2.136284,11
2.137284,11
2.138284,11
2.139284,11
2.140288,12
2.141288,12
2.146284,11
2.147284,11
2.148284,12
2.149288,12
2.150288,12
2.151288,12
2.152288,11
2.153288,11
2.154288,11
2.155288,11
2.156292,12
2.157288,12
2.158284,12
2.159288,12
2.160288,11
2.161288,11
2.162292,11
2.163288,11
2.164288,12
2.165288,12
2.166288,12
2.167288,12
2.168292,11
2.169288,11
2.170292,11
2.171288,11
2.172292,12
2.173292,12
2.174292,12
2.175292,12
2.176292,11
2.177288,10
2.178288,10
2.179292,11
2.180288,12
2.181292,13
2.182292,14
2.183292,12
2.184292,9
2.185292,6
2.189292,4
2.190292,7
2.191292,11
2.192292,13
2.193292,14
2.194296,13
2.195292,12
2.196292,11
2.197296,10
2.198296,10
2.199300,11
2.200296,12
2.201292,12
2.202292,12
2.203296,12
2.204292,11
2.205296,11
2.206296,11
2.207296,11
2.208292,12
2.209292,12
2.210292,12
2.211296,12
2.212300,11
2.213296,11
2.214296,11
2.215296,11
2.216296,12
2.217296,12
2.218300,12
2.219300,12
2.220300,11
2.221296,11
2.222296,11
2.223296,11
2.224296,12
2.225296,12
2.226296,12
2.227300,11
2.228296,11
2.232300,12
2.233300,12
2.234296,12
2.235300,11
2.236300,11
2.237300,11
2.238300,11
2.239304,11
2.240300,12
2.241304,12
2.242296,12
2.243300,12
2.244300,11
2.245300,11
2.246300,11
2.247300,11
2.248304,12
2.249300,12
2.250304,12
2.251304,12
2.252304,11
2.253300,11
2.254300,11
2.255300,11
2.256300,12
2.257304,12
2.258304,12
2.259300,12
2.260300,11
2.261304,11
2.262300,11
2.263304,11
2.264304,12
2.265304,12
2.266304,12
2.267300,12
2.268304,11
2.269304,11
2.270304,11
2.278304,10
2.279304,11
2.280304,12
2.281308,13
2.282304,14
2.283308,12
2.284312,9
2.285304,6
2.286308,3
2.287304,1
2.288304,1
2.289304,4
2.290304,7
2.291308,11
2.292308,13
2.293308,14
2.294308,13
2.295308,12
2.296308,11
2.297308,10
2.298308,10
2.299312,11
2.300308,12
2.301308,12
2.302308,12
2.303308,12
2.304308,11
2.305308,11
2.306308,11
2.307308,11
2.308312,12
2.309308,12
2.310308,12
2.311308,12
2.312308,11
2.313312,11
2.314308,11
2.315312,11
2.316312,12
2.317308,12
2.321312,11
2.322312,11
2.323308,11
2.324312,12
2.325312,12
2.326316,12
2.327316,11
2.328312,11
2.329312,11
2.330312,11
2.331312,11
2.332316,12
2.333312,12
2.334312,12
2.335312,11
2.336316,11
2.337316,11
2.338312,11
2.339312,11
2.340316,12
2.341312,12
2.342312,12
2.343312,12
2.344312,11
2.345316,11
2.346316,11
2.347312,11
2.348316,12
2.349312,12
2.350316,12
2.351312,12
2.352316,11
2.353316,11
2.354316,11
2.355316,11
2.356316,12
2.357316,12
2.358316,12
2.359316,12
2.363320,11
2.364316,12
2.365316,12
2.366316,12
2.367316,12
2.368320,11
2.369316,11
2.370324,11
2.371316,11
2.372320,12
2.373316,12
2.374316,12
2.375316,12
2.376320,11
2.377316,10
2.378320,10
2.379320,11
2.380320,12
2.381324,13
2.382320,14
2.383320,12
2.384320,9
2.385320,6
2.386324,3
2.387320,1
2.388324,1
2.389320,4
2.390320,7
2.391320,11
2.392320,13
2.393324,14
2.394324,13
2.395324,12
2.396320,11
2.397324,10
2.398320,10
2.399324,11
2.400320,12
2.401324,12
2.402324,12
2.406324,11
2.407324,11
2.408324,12
2.409324,12
2.410324,12
2.411324,12
2.412324,11
2.413328,11
2.414324,11
2.415324,11
2.416328,12
2.417328,12
2.418324,12
2.419328,12
2.420324,11
2.421324,11
2.422324,11
2.423328,11
2.424328,12
2.425328,12
2.426328,12
2.427328,11
2.428328,11
2.429324,11
2.430324,11
2.431328,11
2.432324,12
2.433328,12
2.434328,12
2.435328,11
2.436328,11
2.437328,11
2.438324,11
2.439328,11
2.440328,12
2.441328,12
2.442328,12
2.443328,12
2.444328,11
2.445328,11
2.449332,12
2.450328,12
2.451332,12
2.452328,11
2.453328,11
2.454328,11
2.455332,11
2.456336,12
2.457332,12
2.458332,12
2.459332,12
2.460332,11
2.461332,11
2.462332,11
2.463332,11
2.464328,12
2.465332,12
2.466332,12
2.467332,12
2.468332,11
2.469332,11
2.470332,11
2.471332,11
2.472332,12
2.473336,12
2.474332,12
2.475332,12
2.476332,11
2.477332,10
2.478332,10
2.479336,11
2.480336,12
2.481336,13
2.482336,14
2.483332,12
2.484336,9
2.485332,6
2.486336,3
2.487336,1
2.491336,11
2.492332,13
2.493340,14
2.494336,13
2.495336,12
2.496336,11
2.497340,10
2.498336,10
2.499340,11
2.500336,12
2.501340,12
2.502340,12
2.503340,12
2.504340,11
2.505336,11
2.506336,11
2.507340,11
2.508340,12
2.509336,12
2.510340,12
2.511340,12
2.512340,11
2.513340,11
2.514336,11
2.515340,11
2.516336,12
2.517336,12
2.518340,12
2.519336,12
2.520340,11
2.521340,11
2.522340,11
2.523340,11
2.524340,12
2.525340,12
2.526340,12
2.527344,11
2.528344,11
2.529340,11
2.530340,11
2.534340,12
2.535344,11
2.536344,11
2.537340,11
2.538340,11
2.539344,11
2.540340,12
2.541344,12
2.542348,12
2.543344,12
2.544344,11
2.545344,11
2.546344,11
2.547344,11
2.548340,12
2.549340,12
2.550344,12
2.551348,12
2.552344,11
2.553344,11
2.554344,11
2.555344,11
2.556344,12
2.557348,12
2.558348,12
2.559348,12
2.560348,11
2.561344,11
2.562348,11
2.563344,11
2.564348,12
2.565344,12
2.566348,12
2.567344,12
2.568348,11
2.569344,11
2.570348,11
2.571344,11
2.572344,12
2.576348,11
2.577348,10
2.578348,10
2.579352,11
2.580348,12
2.581348,13
2.582348,14
2.583348,12
2.584348,9
2.585356,6
2.586348,3
2.587348,1
2.588352,1
2.589348,4
2.590352,7
2.591352,11
2.592352,13
2.593348,14
2.594352,13
2.595352,12
2.596348,11
2.597348,10
2.598352,10
2.599352,11
2.600352,12
2.601352,12
2.602352,12
2.603352,12
2.604352,11
2.605352,11
2.606348,11
2.607352,11
2.608352,12
2.609352,12
2.610352,12
2.611352,12
2.612352,11
2.613352,11
2.614352,11
2.615356,11
2.619356,12
2.620352,11
2.621356,11
2.622356,11
2.623356,11
2.624356,12
2.625352,12
2.626352,12
2.627352,11
2.628360,11
2.629352,11
2.630356,11
2.631356,11
2.632356,12
2.633356,12
2.634356,12
2.635356,11
2.636356,11
2.637356,11
2.638360,11
2.639356,11
2.640356,12
2.641356,12
2.642356,12
2.643356,12
2.644360,11
2.645360,11
2.646360,11
2.647356,11
2.648360,12
2.649356,12
2.650356,12
2.651356,12
2.652360,11
2.653360,11
2.654360,11
2.655360,11
2.656360,12
2.657356,12
2.661360,11
2.662364,11
2.663360,11
2.664360,12
2.665360,12
2.666364,12
2.667360,12
2.668360,11
2.669364,11
2.670364,11
2.671364,11
2.672360,12
2.673360,12
2.674364,12
2.675360,12
2.676364,11
2.677364,10
2.678364,10
2.679364,11
2.680364,12
2.681360,13
2.682364,14
2.683364,12
2.684364,9
2.685364,6
2.686360,3
2.687364,1
2.688364,1
2.689364,4
2.690368,7
2.691364,11
2.692364,13
2.693360,14
2.694364,13
2.695364,12
2.696364,11
2.697364,10
2.698364,10
2.699368,11
2.700368,12
2.704364,11
2.705364,11
2.706364,11
2.707364,11
2.708368,12
2.709368,12
2.710368,12
2.711368,12
2.712368,11
2.713372,11
2.714372,11
2.715364,11
2.716368,12
2.717364,12
2.718368,12
2.719368,12
2.720368,11
2.721372,11
2.722368,11
2.723368,11
2.724372,12
2.725372,12
2.726368,12
2.727368,11
2.728368,11
2.729368,11
2.730368,11
2.731372,11
2.732372,12
2.733372,12
2.734372,12
2.735372,11
2.736368,11
2.737368,11
2.738372,11
2.739368,11
2.740372,12
2.741372,12
2.742372,12
2.743372,12
2.755372,11
2.756376,12
2.757376,12
2.758372,12
2.759372,12
2.760376,11
2.761372,11
2.762376,11
2.763372,11
2.764376,12
2.765376,12
2.766372,12
2.767376,12
2.768376,11
2.769376,11
2.770376,11
2.771372,11
2.772376,12
2.773376,12
2.774376,12
2.775376,12
2.776372,11
2.777380,10
2.778376,10
2.779376,11
2.780376,12
2.781376,13
2.782376,14
2.783376,12
2.784376,9
2.785376,6
2.786380,3
2.787380,1
2.788380,1
2.789380,4
2.790376,7
2.791376,11
2.792376,13
2.793376,14
2.794380,13
2.798380,10
2.799388,11
2.800388,12
2.801376,12
2.802380,12
2.803384,12
2.804380,11
2.805380,11
2.806380,11
2.807380,11
2.808380,12
2.809380,12
2.810380,12
2.811380,12
2.812380,11
2.813384,11
2.814380,11
2.815380,11
2.816384,12
2.817380,12
2.818384,12
2.819384,12
2.820384,11
2.821384,11
2.822384,11
2.823380,11
2.824384,12
2.825384,12
2.826384,12
2.827384,11
2.828384,11
2.829384,11
2.830384,11
2.831384,11
2.832380,12
2.833380,12
2.834384,12
2.835388,11
2.836384,11
2.840384,12
2.841388,12
2.842392,12
2.843392,12
2.844384,11
2.845384,11
2.846384,11
2.847384,11
2.848384,12
2.849384,12
2.850388,12
2.851388,12
2.852388,11
2.853388,11
2.854388,11
2.855388,11
2.856388,12
2.857384,12
2.858388,12
2.859388,12
2.860392,11
2.861388,11
2.862388,11
2.863388,11
2.864388,12
2.865388,12
2.866392,12
2.867388,12
2.868392,11
2.869388,11
2.870388,11
2.871388,11
2.872388,12
2.873392,12
2.874392,12
2.875392,12
2.876392,11
2.877392,10
2.878388,10
2.882392,14
2.883392,12
2.884392,9
2.885400,6
2.886392,3
2.887396,1
2.888392,1
2.889392,4
2.890392,7
2.891392,11
2.892392,13
2.893392,14
2.894392,13
2.895392,12
2.896396,11
2.897396,10
2.898396,10
2.899396,11
2.900396,12
2.901392,12
2.902392,12
2.903392,12
2.904396,11
2.905392,11
2.906396,11
2.907396,11
2.908396,12
2.909392,12
2.910396,12
2.911396,12
2.912396,11
2.913396,11
2.914396,11
2.915396,11
2.916396,12
2.917396,12
2.918396,12
2.919400,12
2.920396,11
2.921396,11
2.925396,12
2.926400,12
2.927396,11
2.928404,11
2.929400,11
2.930396,11
2.931400,11
2.932396,12
2.933396,12
2.934396,12
2.935396,11
2.936400,11
2.937400,11
2.938400,11
2.939400,11
2.940400,12
2.941400,12
2.942400,12
2.943400,12
2.944396,11
2.945400,11
2.946400,11
2.947400,11
2.948400,12
2.949400,12
2.950400,12
2.951404,12
2.952400,11
2.953400,11
2.954400,11
2.955400,11
2.956400,12
2.957404,12
2.958400,12
2.959400,12
2.960404,11
2.961404,11
2.962404,11
2.963404,11
2.964400,12
2.968404,11
2.969404,11
2.970400,11
2.971412,11
2.972404,12
2.973404,12
2.974404,12
2.975404,12
2.976404,11
2.977408,10
2.978404,10
2.979408,11
2.980404,12
2.981404,13
2.982408,14
2.983404,12
2.984408,9
2.985408,6
2.986408,3
2.987404,1
2.988408,1
2.989404,4
2.990404,7
2.991404,11
2.992408,13
2.993408,14
2.994408,13
2.995408,12
2.996408,11
2.997404,10
2.998404,10
2.999408,11
3.000408,12
3.001408,12
3.002408,12
3.003408,12
3.004412,11
3.005408,11
3.006412,11
3.007412,11
3.011412,12
3.012408,11
3.013408,11
3.014416,11
3.015412,11
3.016412,12
3.017412,12
3.018412,12
3.019408,12
3.020408,11
3.021408,11
3.022412,11
3.023408,11
3.024412,12
3.025412,12
3.026412,12
3.027412,11
3.028416,11
3.029412,11
3.030412,11
3.031416,11
3.032412,12
3.033416,12
3.034412,12
3.035412,11
3.036412,11
3.037416,11
3.038416,11
3.039412,11
3.040412,12
3.041416,12
3.042412,12
3.043412,12
3.044412,11
3.045412,11
3.046416,11
3.047416,11
3.048412,12
3.049416,12
3.053416,11
3.054416,11
3.055416,11
3.056416,12
3.057420,12
3.058416,12
3.059416,12
3.060420,11
3.061420,11
3.062420,11
3.063416,11
3.064420,12
3.065416,12
3.066416,12
3.067416,12
3.068416,11
3.069416,11
3.070420,11
3.071420,11
3.072420,12
3.073416,12
3.074416,12
3.075420,12
3.076420,11
3.077416,10
3.078420,10
3.079420,11
3.080420,12
3.081420,13
3.082420,14
3.083420,12
3.084420,9
3.085420,6
3.086420,3
3.087424,1
3.088420,1
3.089420,4
3.090424,7
3.091420,11
3.092424,13
3.096424,11
3.097420,10
3.098420,10
3.099420,11
3.100428,12
3.101420,12
3.102424,12
3.103424,12
3.104424,11
3.105420,11
3.106420,11
3.107420,11
3.108424,12
3.109424,12
3.110424,12
3.111424,12
3.112424,11
3.113424,11
3.114424,11
3.115428,11
3.116424,12
3.117424,12
3.118428,12
3.119428,12
3.120424,11
3.121424,11
3.122424,11
3.123424,11
3.124428,12
3.125424,12
3.126428,12
3.127428,11
3.128424,11
3.129428,11
3.130424,11
3.131424,11
3.132428,12
3.133424,12
3.134428,12
3.138428,11
3.139428,11
3.140428,12
3.141432,12
3.142424,12
3.143432,12
3.144428,11
3.145428,11
3.146432,11
3.147428,11
3.148432,12
3.149432,12
3.150432,12
3.151432,12
3.152428,11
3.153428,11
3.154428,11
3.155428,11
3.156432,12
3.157428,12
3.158432,12
3.159432,12
3.160432,11
3.161428,11
3.162428,11
3.163428,11
3.164432,12
3.165436,12
3.166432,12
3.167428,12
3.168432,11
3.169436,11
3.170432,11
3.171436,11
3.172436,12
3.173436,12
3.174432,12
3.175436,12
3.176432,11
3.177432,10
3.181436,13
3.182436,14
3.183432,12
3.184436,9
3.185432,6
3.186444,3
3.187432,1
3.188436,1
3.189432,4
3.190436,7
3.191436,11
3.192436,13
3.193436,14
3.194436,13
3.195436,12
3.196436,11
3.197440,10
3.198436,10
3.199436,11
3.200436,12
3.201436,12
3.202436,12
3.203440,12
3.204440,11
3.205436,11
3.206440,11
3.207436,11
3.208436,12
3.209436,12
3.210436,12
3.211440,12
3.212436,11
3.213440,11
3.214436,11
3.215440,11
3.216436,12
3.217440,12
3.218440,12
3.219436,12
3.220440,11
3.224440,12
3.225444,12
3.226440,12
3.227440,11
3.228444,11
3.229444,11
3.230440,11
3.231440,11
3.232440,12
3.233444,12
3.234440,12
3.235444,11
3.236444,11
3.237444,11
3.238444,11
3.239440,11
3.240440,12
3.241444,12
3.242444,12
3.243444,12
3.244444,11
3.245444,11
3.246444,11
3.247444,11
3.248444,12
3.249444,12
3.250444,12
3.251444,12
3.252448,11
3.253444,11
3.254444,11
3.255444,11
3.256444,12
3.257444,12
3.258448,12
3.259448,12
3.260448,11
3.261448,11
3.262444,11
3.267448,12
3.268444,11
3.269448,11
3.270448,11
3.271452,11
3.272456,12
3.273444,12
3.274448,12
3.275444,12
3.276448,11
3.277448,10
3.278448,10
3.279448,11
3.280448,12
3.281452,13
3.282452,14
3.283452,12
3.284452,9
3.285448,6
3.286452,3
3.287448,1
3.288448,1
3.289448,4
3.290452,7
3.291448,11
3.292448,13
3.293452,14
3.294452,13
3.295448,12
3.296448,11
3.297452,10
3.298448,10
3.299452,11
3.300448,12
3.301452,12
3.302456,12
3.303452,12
3.304448,11
3.305448,11
3.306452,11
3.310452,12
3.311452,12
3.312452,11
3.313456,11
3.314456,11
3.315460,11
3.316452,12
3.317452,12
3.318452,12
3.319452,12
3.320452,11
3.321456,11
3.322452,11
3.323456,11
3.324456,12
3.325452,12
3.326456,12
3.327452,11
3.328452,11
3.329456,11
3.330456,11
3.331456,11
3.332456,12
3.333456,12
3.334456,12
3.335452,11
3.336460,11
3.337460,11
3.338452,11
3.339456,11
3.340460,12
3.341456,12
3.342456,12
3.343456,12
3.344460,11
3.345456,11
3.346460,11
3.347460,11
3.348456,12
3.352460,11
3.353456,11
3.354460,11
3.355460,11
3.356460,12
3.357464,12
3.358460,12
3.359460,12
3.360460,11
3.361464,11
3.362456,11
3.363460,11
3.364460,12
3.365460,12
3.366460,12
3.367464,12
3.368460,11
3.369460,11
3.370464,11
3.371464,11
3.372460,12
3.373460,12
3.374460,12
3.375460,12
3.376464,11
3.377464,10
3.378464,10
3.379464,11
3.380464,12
3.381464,13
3.382460,14
3.383460,12
3.384464,9
3.385464,6
3.386464,3
3.387464,1
3.388464,1
3.389464,4
3.390464,7
3.391464,11
3.395468,12
3.396464,11
3.397464,10
3.398464,10
3.399464,11
3.400472,12
3.401464,12
3.402468,12
3.403468,12
3.404464,11
3.405468,11
3.406468,11
3.407464,11
3.408464,12
3.409468,12
3.410468,12
3.411468,12
3.412468,11
3.413468,11
3.414464,11
3.415468,11
3.416468,12
3.417468,12
3.418468,12
3.419468,12
3.420468,11
3.421468,11
3.422468,11
3.423472,11
3.424472,12
3.425472,12
3.426468,12
3.427472,11
3.428468,11
3.429468,11
3.430468,11
3.431468,11
3.432472,12
3.433472,12
3.434472,12
3.438472,11
3.439472,11
3.440468,12
3.441472,12
3.442472,12
3.443476,12
3.444472,11
3.445476,11
3.446472,11
3.447472,11
3.448472,12
3.449472,12
3.450472,12
3.451472,12
3.452472,11
3.453472,11
3.454472,11
3.455476,11
3.456476,12
3.457476,12
3.458476,12
3.459476,12
3.460472,11
3.461472,11
3.462476,11
3.463472,11
3.464476,12
3.465476,12
3.466476,12
3.467476,12
3.468476,11
3.469476,11
3.470476,11
3.471476,11
3.472476,12
3.473476,12
3.474476,12
3.475476,12
3.476476,11
3.481476,13
3.482476,14
3.483476,12
3.484476,9
3.485476,6
3.486480,3
3.487480,1
3.488480,1
3.489480,4
3.490480,7
3.491476,11
3.492480,13
3.493476,14
3.494480,13
3.495476,12
3.496480,11
3.497480,10
3.498480,10
3.499480,11
3.500480,12
3.501480,12
3.502480,12
3.503480,12
3.504480,11
3.505480,11
3.506480,11
3.507480,11
3.508480,12
3.509484,12
3.510480,12
3.511480,12
3.512484,11
3.513484,11
3.514484,11
3.515480,11
3.516480,12
3.517484,12
3.518480,12
3.519484,12
3.520484,11
3.525484,12
3.526484,12
3.527484,11
3.528484,11
3.529488,11
3.530484,11
3.531488,11
3.532484,12
3.533488,12
3.534488,12
3.535488,11
3.536488,11
3.537484,11
3.538484,11
3.539484,11
3.540484,12
3.541484,12
3.542488,12
3.543488,12
3.544488,11
3.545488,11
3.546488,11
3.547484,11
3.548484,12
3.549484,12
3.550488,12
3.551484,12
3.552488,11
3.553488,11
3.554488,11
3.555492,11
3.556488,12
3.557488,12
3.558488,12
3.559488,12
3.560484,11
3.561488,11
3.562488,11
3.563488,11
3.567488,12
3.568492,11
3.569492,11
3.570488,11
3.571488,11
3.572496,12
3.573488,12
3.574492,12
3.575492,12
3.576492,11
3.577492,10
3.578492,10
3.579488,11
3.580488,12
3.581492,13
3.582492,14
3.583492,12
3.584492,9
3.585492,6
3.586492,3
3.587492,1
3.588496,1
3.589492,4
3.590492,7
3.591492,11
3.592492,13
3.593492,14
3.594492,13
3.595492,12
3.596492,11
3.597496,10
3.598496,10
3.599496,11
3.600496,12
3.601496,12
3.602492,12
3.603492,12
3.604496,11
3.605492,11
3.606496,11
3.610496,12
3.611496,12
3.612492,11
3.613496,11
3.614500,11
3.615500,11
3.616496,12
3.617496,12
3.618496,12
3.619500,12
3.620500,11
3.621500,11
3.622500,11
3.623496,11
3.624496,12
3.625500,12
3.626500,12
3.627500,11
3.628496,11
3.629500,11
3.630500,11
3.631500,11
3.632500,12
3.633500,12
3.634500,12
3.635496,11
3.636500,11
3.637496,11
3.638500,11
3.639500,11
3.640496,12
3.641500,12
3.642500,12
3.643500,12
3.644500,11
3.645504,11
3.646500,11
3.647500,11
3.648500,12
3.649500,12
3.653504,11
3.654504,11
3.655500,11
3.656500,12
3.657504,12
3.658508,12
3.659500,12
3.660504,11
3.661504,11
3.662504,11
3.663504,11
3.664504,12
3.665504,12
3.666500,12
3.667500,12
3.668504,11
3.669500,11
3.670504,11
3.671504,11
3.672504,12
3.673504,12
3.674508,12
3.675504,12
3.676504,11
3.677504,10
3.678504,10
3.679504,11
3.680508,12
3.681504,13
3.682508,14
3.683504,12
3.684508,9
3.685504,6
3.686508,3
3.687508,1
3.688504,1
3.689508,4
3.690504,7
3.691504,11
3.695508,12
3.696508,11
3.697508,10
3.698508,10
3.699508,11
3.700508,12
3.701512,12
3.702508,12
3.703508,12
3.704508,11
3.705508,11
3.706512,11
3.707512,11
3.708512,12
3.709512,12
3.710512,12
3.711508,12
3.712508,11
3.713508,11
3.714508,11
3.715512,11
3.716508,12
3.717512,12
3.718512,12
3.719512,12
3.720508,11
3.721508,11
3.722508,11
3.723512,11
3.724516,12
3.725512,12
3.726508,12
3.727512,11
3.728512,11
3.729508,11
3.730516,11
3.731516,11
3.732516,12
3.733516,12
3.734512,12
3.738516,11
3.739516,11
3.740516,12
3.741516,12
3.742516,12
3.743516,12
3.744520,11
3.745512,11
3.746512,11
3.747516,11
3.748516,12
3.749516,12
3.750516,12
3.751516,12
3.752516,11
3.753520,11
3.754516,11
3.755516,11
3.756516,12
3.757520,12
3.758516,12
3.759516,12
3.760516,11
3.761516,11
3.762520,11
3.763520,11
3.764520,12
3.765516,12
3.766520,12
3.767516,12
3.768516,11
3.769516,11
3.770520,11
3.771520,11
3.772520,12
3.773520,12
3.774520,12
3.775516,12
3.776516,11
3.780516,12
3.781520,13
3.782520,14
3.783520,12
3.784520,9
3.785520,6
3.786524,3
3.787528,1
3.788520,1
3.789524,4
3.790524,7
3.791520,11
3.792520,13
3.793524,14
3.794524,13
3.795520,12
3.796520,11
3.797524,10
3.798520,10
3.799524,11
3.800520,12
3.801524,12
3.802524,12
3.803520,12
3.804524,11
3.805524,11
3.806524,11
3.807520,11
3.808520,12
3.809524,12
3.810524,12
3.811524,12
3.812524,11
3.813524,11
3.814524,11
3.815524,11
3.816524,12
3.817528,12
3.818528,12
3.819528,12
3.823524,11
3.824528,12
3.825524,12
3.826528,12
3.827528,11
3.828528,11
3.829528,11
3.830532,11
3.831528,11
3.832528,12
3.833528,12
3.834524,12
3.835528,11
3.836528,11
3.837528,11
3.838528,11
3.839528,11
3.840528,12
3.841528,12
3.842528,12
3.843532,12
3.844532,11
3.845528,11
3.846528,11
3.847528,11
3.848528,12
3.849532,12
3.850532,12
3.851532,12
3.852532,11
3.853528,11
3.854528,11
3.855528,11
3.856528,12
3.857528,12
3.858532,12
3.859532,12
3.860532,11
3.861532,11
3.862532,11
3.866528,12
3.867532,12
3.868532,11
3.869532,11
3.870532,11
3.871532,11
3.872536,12
3.873540,12
3.874532,12
3.875536,12
3.876532,11
3.877536,10
3.878532,10
3.879532,11
3.880536,12
3.881532,13
3.882536,14
3.883536,12
3.884536,9
3.885532,6
3.886536,3
3.887532,1
3.888532,1
3.889536,4
3.890532,7
3.891536,11
3.892536,13
3.893536,14
3.894536,13
3.895532,12
3.896536,11
3.897536,10
3.898536,10
3.899540,11
3.900536,12
3.901536,12
3.902536,12
3.903540,12
3.904540,11
3.908536,12
3.909536,12
3.910536,12
3.911536,12
3.912540,11
3.913540,11
3.914540,11
3.915544,11
3.916548,12
3.917540,12
3.918540,12
3.919540,12
3.920540,11
3.921540,11
3.922544,11
3.923540,11
3.924540,12
3.925540,12
3.926544,12
3.927540,11
3.928540,11
3.929544,11
3.930544,11
3.931540,11
3.932540,12
3.933540,12
3.934540,12
3.935544,11
3.936540,11
3.937544,11
3.938544,11
3.939544,11
3.940540,12
3.941540,12
3.942540,12
3.943544,12
3.944544,11
3.945544,11
3.946544,11
3.947544,11
3.951548,12
3.952548,11
3.953544,11
3.954548,11
3.955544,11
3.956544,12
3.957544,12
3.958552,12
3.959544,12
3.960548,11
3.961544,11
3.962548,11
3.963548,11
3.964544,12
3.965544,12
3.966544,12
3.967548,12
3.968544,11
3.969548,11
3.970548,11
3.971548,11
3.972548,12
3.973544,12
3.974544,12
3.975548,12
3.976548,11
3.977548,10
3.978548,10
3.979548,11
3.980548,12
3.981548,13
3.982552,14
3.983552,12
3.984552,9
3.985552,6
3.986552,3
3.987548,1
3.988548,1
3.989548,4
3.990548,7
3.994552,13
3.995548,12
3.996548,11
3.997552,10
3.998552,10
3.999548,11
4.000552,12
4.001560,12
4.002552,12
4.003552,12
4.004552,11
4.005552,11
4.006548,11
4.007556,11
4.008552,12
4.009552,12
4.010556,12
4.011552,12
4.012552,11
4.013552,11
4.014552,11
4.015552,11
4.016556,12
4.017556,12
4.018556,12
4.019556,12
4.020556,11
4.021552,11
4.022552,11
4.023556,11
4.024552,12
4.025556,12
4.026556,12
4.027556,11
4.028556,11
4.029556,11
4.030556,11
4.031556,11
4.032556,12
4.036556,11
4.037560,11
4.038556,11
4.039560,11
4.040560,12
4.041556,12
4.042560,12
4.043560,12
4.044560,11
4.045560,11
4.046556,11
4.047560,11
4.048556,12
4.049560,12
4.050560,12
4.051556,12
4.052560,11
4.053560,11
4.054560,11
4.055560,11
4.056556,12
4.057560,12
4.058560,12
4.059560,12
4.060560,11
4.061556,11
4.062564,11
4.063560,11
4.064560,12
4.065560,12
4.066564,12
4.067560,12
4.068560,11
4.069560,11
4.070560,11
4.071564,11
4.072564,12
4.073564,12
4.074564,12
4.075560,12
4.079564,11
4.080560,12
4.081564,13
4.082564,14
4.083564,12
4.084560,9
4.085560,6
4.086560,3
4.087568,1
4.088568,1
4.089560,4
4.090564,7
4.091564,11
4.092564,13
4.093564,14
4.094568,13
4.095568,12
4.096564,11
4.097564,10
4.098564,10
4.099568,11
4.100564,12
4.101564,12
4.102568,12
4.103564,12
4.104568,11
4.105568,11
4.106568,11
4.107564,11
4.108564,12
4.109564,12
4.110564,12
4.111568,12
4.112564,11
4.113568,11
4.114568,11
4.115568,11
4.116568,12
4.117568,12
4.121568,11
4.122572,11
4.123568,11
4.124568,12
4.125572,12
4.126568,12
4.127572,11
4.128572,11
4.129572,11
4.130572,11
4.131568,11
4.132568,12
4.133572,12
4.134568,12
4.135572,11
4.136572,11
4.137572,11
4.138572,11
4.139572,11
4.140572,12
4.141572,12
4.142568,12
4.143572,12
4.144568,11
4.145572,11
4.146572,11
4.147572,11
4.148572,12
4.149576,12
4.150576,12
4.151576,12
4.152576,11
4.153572,11
4.154576,11
4.155572,11
4.156572,12
4.157576,12
4.158572,12
4.159576,12
4.160576,11
4.164572,12
4.165572,12
4.166576,12
4.167572,12
4.168576,11
4.169576,11
4.170576,11
4.171576,11
4.172572,12
4.173584,12
4.174576,12
4.175580,12
4.176576,11
4.177580,10
4.178576,10
4.179576,11
4.180580,12
4.181576,13
4.182580,14
4.183576,12
4.184580,9
4.185576,6
4.186580,3
4.187576,1
4.188576,1
4.189576,4
4.190576,7
4.191580,11
4.192580,13
4.193580,14
4.194576,13
4.195580,12
4.196580,11
4.197576,10
4.198580,10
4.199580,11
4.200580,12
4.201580,12
4.202580,12
4.203584,12
4.207584,11
4.208580,12
4.209580,12
4.210580,12
4.211584,12
4.212580,11
4.213584,11
4.214584,11
4.215584,11
4.216592,12
4.217580,12
4.218580,12
4.219580,12
4.220584,11
4.221580,11
4.222584,11
4.223584,11
4.224584,12
4.225584,12
4.226580,12
4.227580,11
4.228580,11
4.229584,11
4.230580,11
4.231584,11
4.232584,12
4.233584,12
4.234588,12
4.235584,11
4.236588,11
4.237588,11
4.238588,11
4.239584,11
4.240588,12
4.241584,12
4.242584,12
4.243584,12
4.244588,11
4.245588,11
4.249588,12
4.250584,12
4.251584,12
4.252584,11
4.253588,11
4.254588,11
4.255588,11
4.256588,12
4.257588,12
4.258588,12
4.259596,12
4.260588,11
4.261588,11
4.262588,11
4.263588,11
4.264588,12
4.265588,12
4.266588,12
4.267588,12
4.268592,11
4.269592,11
4.270592,11
4.271588,11
4.272592,12
4.273588,12
4.274588,12
4.275588,12
4.276592,11
4.277592,10
4.278588,10
4.279592,11
4.280592,12
4.281588,13
4.282588,14
4.283588,12
4.284592,9
4.285592,6
4.286592,3
4.287592,1
4.288592,1
4.292592,13
4.293592,14
4.294592,13
4.295592,12
4.296592,11
4.297592,10
4.298592,10
4.299592,11
4.300596,12
4.301596,12
4.302600,12
4.303596,12
4.304596,11
4.305592,11
4.306592,11
4.307596,11
4.308592,12
4.309596,12
4.310596,12
4.311596,12
4.312596,11
4.313600,11
4.314596,11
4.315596,11
4.316600,12
4.317596,12
4.318596,12
4.319596,12
4.320596,11
4.321596,11
4.322596,11
4.323600,11
4.324596,12
4.325600,12
4.326600,12
4.327596,11
4.328596,11
4.329596,11
4.330596,11
4.334600,12
4.335600,11
4.336600,11
4.337600,11
4.338600,11
4.339600,11
4.340600,12
4.341600,12
4.342600,12
4.343604,12
4.344600,11
4.345608,11
4.346600,11
4.347600,11
4.348600,12
4.349600,12
4.350600,12
4.351604,12
4.352600,11
4.353600,11
4.354604,11
4.355604,11
4.356600,12
4.357600,12
4.358600,12
4.359604,12
4.360600,11
4.361604,11
4.362600,11
4.363604,11
4.364604,12
4.365604,12
4.366604,12
4.367604,12
4.368604,11
4.369604,11
4.370600,11
4.371604,11
4.372608,12
4.373604,12
4.377604,10
4.378608,10
4.379604,11
4.380604,12
4.381608,13
4.382604,14
4.383604,12
4.384604,9
4.385604,6
4.386608,3
4.387612,1
4.388612,1
4.389608,4
4.390608,7
4.391604,11
4.392604,13
4.393604,14
4.394608,13
4.395612,12
4.396608,11
4.397608,10
4.398608,10
4.399608,11
4.400608,12
4.401612,12
4.402612,12
4.403608,12
4.404612,11
4.405608,11
4.406612,11
4.407608,11
4.408612,12
4.409608,12
4.410612,12
4.411612,12
4.412612,11
4.413608,11
4.414612,11
4.415608,11
4.416612,12
4.420612,11
4.421612,11
4.422612,11
4.423608,11
4.424608,12
4.425608,12
4.426612,12
4.427608,11
4.428612,11
4.429612,11
4.430616,11
4.431620,11
4.432612,12
4.433612,12
4.434612,12
4.435616,11
4.436616,11
4.437612,11
4.438612,11
4.439612,11
4.440612,12
4.441616,12
4.442616,12
4.443616,12
4.444616,11
4.445616,11
4.446616,11
4.447616,11
4.448616,12
4.449616,12
4.450612,12
4.451616,12
4.452616,11
4.453616,11
4.454616,11
4.455620,11
4.456620,12
4.457620,12
4.458620,12
4.462620,11
4.463616,11
4.464620,12
4.465616,12
4.466620,12
4.467616,12
4.468620,11
4.469616,11
4.470616,11
4.471616,11
4.472620,12
4.473624,12
4.474616,12
4.475620,12
4.476620,11
4.477616,10
4.478620,10
4.479620,11
4.480624,12
4.481624,13
4.482620,14
4.483620,12
4.484616,9
4.485620,6
4.486620,3
4.487624,1
4.488620,1
4.489620,4
4.490620,7
4.491620,11
4.492620,13
4.493620,14
4.494620,13
4.495624,12
4.496620,11
4.497624,10
4.498624,10
4.499624,11
4.500624,12
4.501620,12
4.505624,11
4.506624,11
4.507624,11
4.508624,12
4.509624,12
4.510624,12
4.511624,12
4.512624,11
4.513624,11
4.514624,11
4.515628,11
4.516628,12
4.517628,12
4.518624,12
4.519628,12
4.520624,11
4.521628,11
4.522624,11
4.523628,11
4.524624,12
4.525628,12
4.526628,12
4.527624,11
4.528624,11
4.529628,11
4.530628,11
4.531628,11
4.532628,12
4.533624,12
4.534632,12
4.535628,11
4.536628,11
4.537628,11
4.538624,11
4.539628,11
4.540628,12
4.541628,12
4.542632,12
4.543632,12
4.547632,11
4.548628,12
4.549628,12
4.550628,12
4.551628,12
4.552632,11
4.553632,11
4.554632,11
4.555628,11
4.556632,12
4.557628,12
4.558628,12
4.559636,12
4.560632,11
4.561628,11
4.562632,11
4.563632,11
4.564632,12
4.565632,12
4.566632,12
4.567632,12
4.568632,11
4.569632,11
4.570632,11
4.571632,11
4.572632,12
4.573632,12
4.574632,12
4.575636,12
4.576636,11
4.577636,10
4.578632,10
4.579636,11
4.580632,12
4.581632,13
4.582636,14
4.583632,12
4.584636,9
4.585636,6
4.586636,3
4.590636,7
4.591636,11
4.592636,13
4.593636,14
4.594636,13
4.595636,12
4.596636,11
4.597636,10
4.598636,10
4.599636,11
4.600636,12
4.601640,12
4.602644,12
4.603640,12
4.604636,11
4.605636,11
4.606640,11
4.607640,11
4.608640,12
4.609640,12
4.610640,12
4.611636,12
4.612636,11
4.613636,11
4.614640,11
4.615636,11
4.616640,12
4.617640,12
4.618640,12
4.619640,12
4.620640,11
4.621640,11
4.622640,11
4.623644,11
4.624640,12
4.625640,12
4.626640,12
4.627640,11
4.628640,11
4.632644,12
4.633644,12
4.634640,12
4.635640,11
4.636640,11
4.637640,11
4.638644,11
4.639644,11
4.640644,12
4.641644,12
4.642644,12
4.643640,12
4.644640,11
4.645648,11
4.646640,11
4.647644,11
4.648644,12
4.649644,12
4.650644,12
4.651644,12
4.652644,11
4.653648,11
4.654648,11
4.655648,11
4.656644,12
4.657648,12
4.658644,12
4.659644,12
4.660644,11
4.661648,11
4.662644,11
4.663648,11
4.664648,12
4.665644,12
4.666648,12
4.667644,12
4.668644,11
4.669648,11
4.670644,11
4.671648,11
4.675648,12
4.676648,11
4.677652,10
4.678652,10
4.679648,11
4.680652,12
4.681648,13
4.682648,14
4.683648,12
4.684648,9
4.685652,6
4.686652,3
4.687652,1
4.688656,1
4.689648,4
4.690652,7
4.691648,11
4.692652,13
4.693648,14
4.694652,13
4.695652,12
4.696652,11
4.697652,10
4.698652,10
4.699648,11
4.700648,12
4.701652,12
4.702648,12
4.703652,12
4.704652,11
4.705652,11
4.706652,11
4.707656,11
4.708652,12
4.709652,12
4.710656,12
4.711656,12
4.712652,11
4.713652,11
4.714652,11
4.718652,12
4.719656,12
4.720652,11
4.721656,11
4.722652,11
4.723656,11
4.724652,12
4.725652,12
4.726656,12
4.727656,11
4.728656,11
4.729656,11
4.730652,11
4.731664,11
4.732656,12
4.733656,12
4.734656,12
4.735656,11
4.736656,11
4.737656,11
4.738656,11
4.739656,11
4.740660,12
4.741660,12
4.742660,12
4.743656,12
4.744660,11
4.745656,11
4.746656,11
4.747660,11
4.748656,12
4.749660,12
4.750660,12
4.751660,12
4.752660,11
4.753656,11
4.754656,11
4.755656,11
4.756660,12
4.760660,11
4.761660,11
4.762660,11
4.763660,11
4.764660,12
4.765660,12
4.766660,12
4.767660,12
4.768664,11
4.769660,11
4.770664,11
4.771660,11
4.772660,12
4.773664,12
4.774668,12
4.775660,12
4.776664,11
4.777660,10
4.778660,10
4.779664,11
4.780660,12
4.781664,13
4.782664,14
4.783664,12
4.784664,9
4.785664,6
4.786660,3
4.787660,1
4.788660,1
4.789664,4
4.790668,7
4.791664,11
4.792664,13
4.793664,14
4.794664,13
4.795668,12
4.796668,11
4.797668,10
4.798668,10
4.799664,11
4.803664,12
4.804664,11
4.805668,11
4.806668,11
4.807664,11
4.808668,12
4.809664,12
4.810664,12
4.811668,12
4.812664,11
4.813668,11
4.814668,11
4.815668,11
4.816668,12
4.817676,12
4.818672,12
4.819668,12
4.820668,11
4.821668,11
4.822672,11
4.823668,11
4.824668,12
4.825668,12
4.826668,12
4.827672,11
4.828672,11
4.829672,11
4.830668,11
4.831672,11
4.832668,12
4.833668,12
4.834668,12
4.835672,11
4.836672,11
4.837672,11
4.838672,11
4.839672,11
4.840672,12
4.841668,12
4.845672,11
4.846672,11
4.847672,11
4.848672,12
4.849672,12
4.850676,12
4.851676,12
4.852676,11
4.853672,11
4.854676,11
4.855672,11
4.856672,12
4.857672,12
4.858676,12
4.859672,12
4.860680,11
4.861672,11
4.862676,11
4.863672,11
4.864672,12
4.865672,12
4.866672,12
4.867676,12
4.868672,11
4.869676,11
4.870676,11
4.871676,11
4.872680,12
4.873676,12
4.874676,12
4.875676,12
4.876676,11
4.877676,10
4.878676,10
4.879676,11
4.880676,12
4.881676,13
4.882680,14
4.883680,12
4.884680,9
4.888680,1
4.889680,4
4.890676,7
4.891680,11
4.892680,13
4.893680,14
4.894680,13
4.895680,12
4.896680,11
4.897680,10
4.898680,10
4.899680,11
4.900676,12
4.901680,12
4.902680,12
4.903688,12
4.904680,11
4.905680,11
4.906680,11
4.907680,11
4.908680,12
4.909680,12
4.910680,12
4.911680,12
4.912684,11
4.913680,11
4.914684,11
4.915684,11
4.916684,12
4.917684,12
4.918684,12
4.919680,12
4.920680,11
4.921684,11
4.922680,11
4.923684,11
4.924684,12
4.925684,12
4.926684,12
4.930684,11
4.931684,11
4.932684,12
4.933684,12
4.934684,12
4.935684,11
4.936684,11
4.937688,11
4.938688,11
4.939688,11
4.940688,12
4.941684,12
4.942688,12
4.943684,12
4.944688,11
4.945692,11
4.946692,11
4.947688,11
4.948688,12
4.949688,12
4.950684,12
4.951688,12
4.952688,11
4.953688,11
4.954688,11
4.955688,11
4.956688,12
4.957688,12
4.958688,12
4.959688,12
4.960692,11
4.961692,11
4.962692,11
4.963688,11
4.964692,12
4.965688,12
4.966688,12
4.967688,12
4.968688,11
4.969692,11
4.973688,12
4.974688,12
4.975688,12
4.976688,11
4.977692,10
4.978688,10
4.979692,11
4.980692,12
4.981692,13
4.982692,14
4.983692,12
4.984692,9
4.985692,6
4.986692,3
4.987692,1
4.988696,1
4.989700,4
4.990692,7
4.991696,11
4.992692,13
4.993692,14
4.994696,13
4.995696,12
4.996696,11
4.997692,10
4.998692,10
4.999692,11
5.000696,12
5.001692,12
5.002696,12
5.003696,12
5.004692,11
5.005696,11
5.006696,11
5.007696,11
5.008696,12
5.009692,12
5.010696,12
5.011696,12
5.012696,11
5.016696,12
5.017696,12
5.018696,12
5.019696,12
5.020696,11
5.021696,11
5.022696,11
5.023696,11
5.024700,12
5.025700,12
5.026696,12
5.027700,11
5.028696,11
5.029696,11
5.030696,11
5.031704,11
5.032704,12
5.033700,12
5.034696,12
5.035700,11
5.036696,11
5.037700,11
5.038700,11
5.039700,11
5.040700,12
5.041700,12
5.042700,12
5.043700,12
5.044704,11
5.045700,11
5.046704,11
5.047700,11
5.048700,12
5.049700,12
5.050700,12
5.051700,12
5.052700,11
5.053700,11
5.054704,11
5.058704,12
5.059704,12
5.060704,11
5.061700,11
5.062704,11
5.063700,11
5.064704,12
5.065704,12
5.066704,12
5.067704,12
5.068704,11
5.069708,11
5.070704,11
5.071704,11
5.072708,12
5.073704,12
5.074712,12
5.075704,12
5.076704,11
5.077708,10
5.078704,10
5.079708,11
5.080708,12
5.081708,13
5.082704,14
5.083708,12
5.084704,9
5.085704,6
5.086704,3
5.087708,1
5.088704,1
5.089708,4
5.090708,7
5.091708,11
5.092704,13
5.093708,14
5.094708,13
5.095704,12
5.096708,11
5.097704,10
5.101712,12
5.102708,12
5.103708,12
5.104712,11
5.105708,11
5.106712,11
5.107708,11
5.108708,12
5.109708,12
5.110712,12
5.111712,12
5.112712,11
5.113712,11
5.114708,11
5.115712,11
5.116708,12
5.117716,12
5.118708,12
5.119712,12
5.120712,11
5.121712,11
5.122712,11
5.123712,11
5.124716,12
5.125712,12
5.126712,12
5.127708,11
5.128712,11
5.129712,11
5.130712,11
5.131712,11
5.132712,12
5.133712,12
5.134712,12
5.135712,11
5.136712,11
5.137716,11
5.138712,11
5.139712,11
5.143712,12
5.144716,11
5.145716,11
5.146712,11
5.147716,11
5.148712,12
5.149716,12
5.150716,12
5.151716,12
5.152716,11
5.153716,11
5.154716,11
5.155716,11
5.156720,12
5.157720,12
5.158716,12
5.159716,12
5.160724,11
5.161716,11
5.162716,11
5.163716,11
5.164720,12
5.165716,12
5.166720,12
5.167720,12
5.168716,11
5.169720,11
5.170716,11
5.171716,11
5.172716,12
5.173716,12
5.174720,12
5.175720,12
5.176720,11
5.177720,10
5.178720,10
5.179716,11
5.180724,12
5.181720,13
5.182720,14
5.186720,3
5.187720,1
5.188724,1
5.189720,4
5.190724,7
5.191724,11
5.192720,13
5.193720,14
5.194720,13
5.195720,12
5.196724,11
5.197720,10
5.198724,10
5.199724,11
5.200724,12
5.201724,12
5.202720,12
5.203732,12
5.204724,11
5.205724,11
5.206724,11
5.207724,11
5.208724,12
5.209724,12
5.210724,12
5.211728,12
5.212724,11
5.213724,11
5.214728,11
5.215724,11
5.216724,12
5.217728,12
5.218724,12
5.219728,12
5.220724,11
5.221728,11
5.222728,11
5.223728,11
5.224728,12
5.225724,12
5.229724,11
5.230728,11
5.231728,11
5.232728,12
5.233728,12
5.234728,12
5.235728,11
5.236728,11
5.237728,11
5.238724,11
5.239728,11
5.240728,12
5.241728,12
5.242728,12
5.243732,12
5.244732,11
5.245732,11
5.246736,11
5.247728,11
5.248728,12
5.249728,12
5.250728,12
5.251728,12
5.252728,11
5.253732,11
5.254732,11
5.255732,11
5.256732,12
5.257728,12
5.258728,12
5.259728,12
5.260732,11
5.261728,11
5.262732,11
5.263732,11
5.264732,12
5.265732,12
5.266736,12
5.267732,12
5.271732,11
5.272732,12
5.273732,12
5.274732,12
5.275736,12
5.276732,11
5.277732,10
5.278736,10
5.279736,11
5.280736,12
5.281732,13
5.282736,14
5.283732,12
5.284732,9
5.285736,6
5.286736,3
5.287736,1
5.288736,1
5.289740,4
5.290732,7
5.291732,11
5.292736,13
5.293732,14
5.294736,13
5.295736,12
5.296736,11
5.297736,10
5.298736,10
5.299736,11
5.300736,12
5.301736,12
5.302740,12
5.303736,12
5.304736,11
5.305736,11
5.306736,11
5.307740,11
5.308736,12
5.309740,12
5.310740,12
5.314740,11
5.315736,11
5.316740,12
5.317736,12
5.318740,12
5.319740,12
5.320736,11
5.321744,11
5.322740,11
5.323740,11
5.324744,12
5.325740,12
5.326740,12
5.327740,11
5.328740,11
5.329740,11
5.330744,11
5.331740,11
5.332752,12
5.333744,12
5.334740,12
5.335744,11
5.336740,11
5.337740,11
5.338744,11
5.339740,11
5.340744,12
5.341744,12
5.342744,12
5.343740,12
5.344744,11
5.345744,11
5.346744,11
5.347744,11
5.348744,12
5.349748,12
5.350744,12
5.351744,12
5.352744,11
5.356744,12
5.357748,12
5.358744,12
5.359744,12
5.360744,11
5.361744,11
5.362748,11
5.363744,11
5.364748,12
5.365748,12
5.366744,12
5.367748,12
5.368744,11
5.369744,11
5.370748,11
5.371744,11
5.372748,12
5.373748,12
5.374748,12
5.375752,12
5.376744,11
5.377744,10
5.378744,10
5.379748,11
5.380752,12
5.381748,13
5.382752,14
5.383748,12
5.384748,9
5.385752,6
5.386748,3
5.387752,1
5.388752,1
5.389752,4
5.390748,7
5.391752,11
5.392748,13
5.393752,14
5.394748,13
5.395752,12
5.399752,11
5.400748,12
5.401748,12
5.402752,12
5.403748,12
5.404752,11
5.405752,11
5.406752,11
5.407752,11
5.408756,12
5.409752,12
5.410752,12
5.411756,12
5.412752,11
5.413756,11
5.414752,11
5.415752,11
5.416752,12
5.417756,12
5.418760,12
5.419756,12
5.420756,11
5.421752,11
5.422756,11
5.423752,11
5.424752,12
5.425756,12
5.426752,12
5.427756,11
5.428756,11
5.429756,11
5.430756,11
5.431760,11
5.432756,12
5.433756,12
5.434752,12
5.435756,11
5.436756,11
5.437756,11
5.438756,11
5.442756,12
5.443756,12
5.444756,11
5.445756,11
5.446756,11
5.447756,11
5.448756,12
5.449756,12
5.450760,12
5.451760,12
5.452760,11
5.453756,11
5.454756,11
5.455760,11
5.456760,12
5.457756,12
5.458760,12
5.459760,12
5.460764,11
5.461768,11
5.462760,11
5.463764,11
5.464760,12
5.465760,12
5.466760,12
5.467760,12
5.468760,11
5.469760,11
5.470760,11
5.471764,11
5.472760,12
5.473764,12
5.474764,12
5.475764,12
5.476764,11
5.477760,10
5.478760,10
5.479760,11
5.480764,12
5.494768,13
5.495764,12
5.496768,11
5.497768,10
5.498764,10
5.499768,11
5.500764,12
5.501764,12
5.502764,12
5.503772,12
5.504772,11
5.505768,11
5.506768,11
5.507764,11
5.508768,12
5.509764,12
5.510764,12
5.511764,12
5.512768,11
5.513764,11
5.514768,11
5.515768,11
5.516768,12
5.517772,12
5.518768,12
5.519768,12
5.520768,11
5.521768,11
5.522768,11
5.523772,11
5.524768,12
5.525768,12
5.526772,12
5.527768,11
5.528772,11
5.529772,11
5.530772,11
5.531768,11
5.532768,12
5.536768,11
5.537772,11
5.538772,11
5.539772,11
5.540772,12
5.541772,12
5.542772,12
5.543772,12
5.544772,11
5.545768,11
5.546776,11
5.547780,11
5.548772,12
5.549772,12
5.550776,12
5.551772,12
5.552772,11
5.553776,11
5.554776,11
5.555772,11
5.556772,12
5.557772,12
5.558772,12
5.559772,12
5.560776,11
5.561776,11
5.562776,11
5.563776,11
5.564776,12
5.565772,12
5.566776,12
5.567776,12
5.568776,11
5.569776,11
5.570772,11
5.571776,11
5.572776,12
5.573776,12
5.574776,12
5.575780,12
5.579776,11
5.580776,12
5.581776,13
5.582780,14
5.583776,12
5.584776,9
5.585780,6
5.586780,3
5.587780,1
5.588776,1
5.589788,4
5.590776,7
5.591780,11
5.592776,13
5.593780,14
5.594780,13
5.595780,12
5.596780,11
5.597780,10
5.598780,10
5.599780,11
5.600780,12
5.601780,12
5.602780,12
5.603780,12
5.604784,11
5.605780,11
5.606784,11
5.607784,11
5.608784,12
5.609780,12
5.610784,12
5.611780,12
5.612780,11
5.613780,11
5.614784,11
5.615784,11
5.616784,12
5.617784,12
5.618784,12
5.622784,11
5.623780,11
5.624784,12
5.625784,12
5.626784,12
5.627788,11
5.628784,11
5.629788,11
5.630788,11
5.631788,11
5.632792,12
5.633784,12
5.634784,12
5.635784,11
5.636788,11
5.637784,11
5.638788,11
5.639784,11
5.640784,12
5.641788,12
5.642784,12
5.643788,12
5.644784,11
5.645788,11
5.646784,11
5.647788,11
5.648788,12
5.649788,12
5.650788,12
5.651788,12
5.652784,11
5.653784,11
5.654788,11
5.655792,11
5.656788,12
5.657784,12
5.658788,12
5.659788,12
5.660792,11
5.664788,12
5.665788,12
5.666792,12
5.667788,12
5.668788,11
5.669792,11
5.670788,11
5.671792,11
5.672792,12
5.673788,12
5.674792,12
5.675796,12
5.676792,11
5.677792,10
5.678788,10
5.679792,11
5.680792,12
5.681792,13
5.682792,14
5.683792,12
5.684788,9
5.685796,6
5.686792,3
5.687792,1
5.688792,1
5.689796,4
5.690792,7
5.691792,11
5.692792,13
5.693796,14
5.694796,13
5.695796,12
5.696796,11
5.697792,10
5.698796,10
5.699792,11
5.700792,12
5.701796,12
5.702796,12
5.703796,12
5.707796,11
5.708792,12
5.709796,12
5.710796,12
5.711796,12
5.712796,11
5.713796,11
5.714796,11
5.715792,11
5.716800,12
5.717800,12
5.718804,12
5.719796,12
5.720796,11
5.721796,11
5.722796,11
5.723796,11
5.724796,12
5.725800,12
5.726800,12
5.727796,11
5.728800,11
5.729796,11
5.730796,11
5.731796,11
5.732796,12
5.733800,12
5.734800,12
5.735800,11
5.736800,11
5.737796,11
5.738800,11
5.739800,11
5.740804,12
5.741796,12
5.742800,12
5.743800,12
5.744800,11
5.745800,11
5.749800,12
5.750800,12
5.751804,12
5.752800,11
5.753800,11
5.754804,11
5.755800,11
5.756804,12
5.757804,12
5.758804,12
5.759804,12
5.760804,11
5.761812,11
5.762800,11
5.763804,11
5.764804,12
5.765804,12
5.766804,12
5.767804,12
5.768804,11
5.769804,11
5.770804,11
5.771800,11
5.772804,12
5.773804,12
5.774804,12
5.775804,12
5.776804,11
5.777804,10
5.778804,10
5.779804,11
5.780808,12
5.781808,13
5.782808,14
5.783808,12
5.784804,9
5.785804,6
5.786804,3
5.787804,1
5.788804,1
5.792804,13
5.793804,14
5.794804,13
5.795804,12
5.796808,11
5.797808,10
5.798808,10
5.799808,11
5.800808,12
5.801808,12
5.802812,12
5.803808,12
5.804812,11
5.805808,11
5.806812,11
5.807808,11
5.808808,12
5.809808,12
5.810808,12
5.811808,12
5.812812,11
5.813812,11
5.814812,11
5.815812,11
5.816808,12
5.817808,12
5.818808,12
5.819808,12
5.820812,11
5.821812,11
5.822812,11
5.823812,11
5.824812,12
5.825812,12
5.826812,12
5.827812,11
5.828812,11
5.829816,11
5.830812,11
5.831812,11
5.835812,11
5.836816,11
5.837812,11
5.838816,11
5.839812,11
5.840816,12
5.841812,12
5.842816,12
5.843812,12
5.844816,11
5.845816,11
5.846816,11
5.847820,11
5.848816,12
5.849816,12
5.850816,12
5.851816,12
5.852816,11
5.853816,11
5.854816,11
5.855816,11
5.856816,12
5.857816,12
5.858820,12
5.859820,12
5.860816,11
5.861820,11
5.862816,11
5.863816,11
5.864816,12
5.865816,12
5.866816,12
5.867820,12
5.868820,11
5.869820,11
5.870820,11
5.871816,11
5.872816,12
5.873816,12
5.877820,10
5.878820,10
5.879816,11
5.880820,12
5.881820,13
5.882824,14
5.883824,12
5.884816,9
5.885820,6
5.886820,3
5.887820,1
5.888820,1
5.889820,4
5.890828,7
5.891824,11
5.892824,13
5.893820,14
5.894820,13
5.895824,12
5.896820,11
5.897824,10
5.898820,10
5.899824,11
5.900824,12
5.901824,12
5.902824,12
5.903820,12
5.904824,11
5.905824,11
5.906820,11
5.907824,11
5.908824,12
5.909824,12
5.910824,12
5.911824,12
5.912824,11
5.913824,11
5.914824,11
5.915824,11
5.916828,12
5.920824,11
5.921828,11
5.922828,11
5.923828,11
5.924828,12
5.925828,12
5.926828,12
5.927824,11
5.928824,11
5.929828,11
5.930824,11
5.931828,11
5.932828,12
5.933832,12
5.934828,12
5.935824,11
5.936824,11
5.937824,11
5.938828,11
5.939832,11
5.940828,12
5.941828,12
5.942828,12
5.943828,12
5.944828,11
5.945832,11
5.946832,11
5.947832,11
5.948832,12
5.949828,12
5.950832,12
5.951828,12
5.952832,11
5.953828,11
5.954832,11
5.955832,11
5.956832,12
5.957832,12
5.958832,12
5.962828,11
5.963832,11
5.964832,12
5.965832,12
5.966832,12
5.967832,12
5.968832,11
5.969832,11
5.970832,11
5.971836,11
5.972832,12
5.973836,12
5.974832,12
5.975832,12
5.976840,11
5.977836,10
5.978836,10
5.979836,11
5.980836,12
5.981832,13
5.982832,14
5.983832,12
5.984832,9
5.985836,6
5.986832,3
5.987836,1
5.988836,1
5.989836,4
5.990836,7
5.991836,11
5.992836,13
5.993836,14
5.994836,13
5.995836,12
5.996836,11
5.997836,10
5.998836,10
5.999836,11
6.000840,12
6.001840,12
6.005836,11
6.006836,11
6.007840,11
6.008836,12
6.009840,12
6.010840,12
6.011840,12
6.012836,11
6.013836,11
6.014836,11
6.015836,11
6.016840,12
6.017836,12
6.018840,12
6.019844,12
6.020844,11
6.021840,11
6.022844,11
6.023840,11
6.024840,12
6.025840,12
6.026844,12
6.027840,11
6.028840,11
6.029840,11
6.030840,11
6.031844,11
6.032844,12
6.033844,12
6.034844,12
6.035840,11
6.036844,11
6.037840,11
6.038844,11
6.039840,11
6.040840,12
6.041844,12
6.042844,12
6.043844,12
6.044844,11
6.048844,12
6.049844,12
6.050844,12
6.051844,12
6.052844,11
6.053844,11
6.054848,11
6.055844,11
6.056844,12
6.057848,12
6.058848,12
6.059844,12
6.060844,11
6.061848,11
6.062852,11
6.063848,11
6.064848,12
6.065844,12
6.066844,12
6.067848,12
6.068844,11
6.069848,11
6.070848,11
6.071844,11
6.072848,12
6.073844,12
6.074848,12
6.075848,12
6.076848,11
6.077852,10
6.078848,10
6.079848,11
6.080852,12
6.081852,13
6.082848,14
6.083848,12
6.084848,9
6.085848,6
6.086848,3
6.090848,7
6.091848,11
6.092848,13
6.093848,14
6.094848,13
6.095852,12
6.096848,11
6.097852,10
6.098852,10
6.099852,11
6.100848,12
6.101848,12
6.102848,12
6.103852,12
6.104860,11
6.105860,11
6.106852,11
6.107852,11
6.108856,12
6.109852,12
6.110856,12
6.111856,12
6.112856,11
6.113852,11
6.114856,11
6.115852,11
6.116852,12
6.117856,12
6.118852,12
6.119856,12
6.120856,11
6.121856,11
6.122856,11
6.123852,11
6.124856,12
6.125856,12
6.126852,12
6.127856,11
6.128852,11
6.129856,11
6.133860,12
6.134860,12
6.135860,11
6.136856,11
6.137856,11
6.138860,11
6.139856,11
6.140860,12
6.141856,12
6.142860,12
6.143860,12
6.144856,11
6.145860,11
6.146856,11
6.147864,11
6.148864,12
6.149860,12
6.150860,12
6.151860,12
6.152860,11
6.153860,11
6.154860,11
6.155856,11
6.156860,12
6.157860,12
6.158860,12
6.159860,12
6.160860,11
6.161860,11
6.162864,11
6.163860,11
6.164864,12
6.165860,12
6.166860,12
6.167864,12
6.168864,11
6.169860,11
6.170860,11
6.171860,11
6.175860,12
6.176860,11
6.177860,10
6.178860,10
6.179864,11
6.180864,12
6.181864,13
6.182864,14
6.183864,12
6.184864,9
6.185864,6
6.186864,3
6.187864,1
6.188864,1
6.189864,4
6.190872,7
6.191872,11
6.192864,13
6.193864,14
6.194864,13
6.195868,12
6.196864,11
6.197868,10
6.198864,10
6.199864,11
6.200868,12
6.201864,12
6.202864,12
6.203864,12
6.204864,11
6.205868,11
6.206864,11
6.207868,11
6.208868,12
6.209868,12
6.210864,12
6.211864,12
6.212868,11
6.213868,11
6.214868,11
6.218868,12
6.219872,12
6.220868,11
6.221868,11
6.222872,11
6.223868,11
6.224872,12
6.225868,12
6.226868,12
6.227868,11
6.228868,11
6.229872,11
6.230872,11
6.231872,11
6.232868,12
6.233876,12
6.234872,12
6.235872,11
6.236872,11
6.237868,11
6.238872,11
6.239872,11
6.240872,12
6.241872,12
6.242868,12
6.243872,12
6.244872,11
6.245876,11
6.246872,11
6.247876,11
6.248872,12
6.249872,12
6.250872,12
6.251872,12
6.252872,11
6.253872,11
6.254872,11
6.255876,11
6.256872,12
6.260872,11
6.261876,11
6.262876,11
6.263876,11
6.264876,12
6.265876,12
6.266872,12
6.267876,12
6.268876,11
6.269876,11
6.270876,11
6.271876,11
6.272876,12
6.273876,12
6.274876,12
6.275880,12
6.276884,11
6.277876,10
6.278880,10
6.279876,11
6.280876,12
6.281876,13
6.282876,14
6.283876,12
6.284880,9
6.285880,6
6.286876,3
6.287876,1
6.288880,1
6.289876,4
6.290876,7
6.291876,11
6.292880,13
6.293876,14
6.294880,13
6.295880,12
6.296876,11
6.297880,10
6.298876,10
6.299876,11
6.303880,12
6.304880,11
6.305880,11
6.306880,11
6.307880,11
6.308880,12
6.309884,12
6.310880,12
6.311884,12
6.312880,11
6.313880,11
6.314884,11
6.315880,11
6.316884,12
6.317884,12
6.318884,12
6.319888,12
6.320884,11
6.321884,11
6.322880,11
6.323884,11
6.324880,12
6.325884,12
6.326884,12
6.327884,11
6.328884,11
6.329884,11
6.330884,11
6.331884,11
6.332884,12
6.333880,12
6.334884,12
6.335884,11
6.336884,11
6.337884,11
6.338888,11
6.339884,11
6.340884,12
6.341888,12
6.342888,12
6.346888,11
6.347888,11
6.348884,12
6.349888,12
6.350888,12
6.351888,12
6.352884,11
6.353884,11
6.354884,11
6.355888,11
6.356888,12
6.357888,12
6.358888,12
6.359888,12
6.360888,11
6.361892,11
6.362896,11
6.363892,11
6.364892,12
6.365892,12
6.366888,12
6.367888,12
6.368888,11
6.369888,11
6.370888,11
6.371892,11
6.372892,12
6.373892,12
6.374892,12
6.375888,12
6.376892,11
6.377892,10
6.378892,10
6.379892,11
6.380892,12
6.381892,13
6.382892,14
6.383892,12
6.384892,9
6.388892,1
6.389892,4
6.390892,7
6.391896,11
6.392892,13
6.393896,14
6.394892,13
6.395892,12
6.396896,11
6.397896,10
6.398896,10
6.399892,11
6.400892,12
6.401892,12
6.402896,12
6.403896,12
6.404896,11
6.405900,11
6.406896,11
6.407892,11
6.408892,12
6.409892,12
6.410892,12
6.411896,12
6.412896,11
6.413896,11
6.414896,11
6.415896,11
6.416896,12
6.417900,12
6.418900,12
6.419900,12
6.420896,11
6.421896,11
6.422900,11
6.423896,11
6.424900,12
6.425896,12
6.426900,12
6.427900,11
6.431900,11
6.432896,12
6.433896,12
6.434900,12
6.435900,11
6.436900,11
6.437900,11
6.438900,11
6.439900,11
6.440904,12
6.441904,12
6.442904,12
6.443900,12
6.444896,11
6.445900,11
6.446904,11
6.447900,11
6.448908,12
6.449904,12
6.450904,12
6.451904,12
6.452900,11
6.453900,11
6.454900,11
6.455904,11
6.456900,12
6.457904,12
6.458900,12
6.459904,12
6.460904,11
6.461900,11
6.462900,11
6.463900,11
6.464900,12
6.465904,12
6.466900,12
6.467904,12
6.468904,11
6.469904,11
6.473904,12
6.474904,12
6.475904,12
6.476904,11
6.477904,10
6.478904,10
6.479908,11
6.480904,12
6.481908,13
6.482908,14
6.483908,12
6.484908,9
6.485904,6
6.486908,3
6.487904,1
6.488904,1
6.489908,4
6.490904,7
6.491912,11
6.492908,13
6.493904,14
6.494908,13
6.495908,12
6.496908,11
6.497908,10
6.498912,10
6.499908,11
6.500904,12
6.501908,12
6.502912,12
6.503908,12
6.504912,11
6.505912,11
6.506912,11
6.507908,11
6.508912,12
6.509908,12
6.510908,12
6.511908,12
6.512912,11
6.516912,12
6.517912,12
6.518908,12
6.519908,12
6.520912,11
6.521908,11
6.522912,11
6.523912,11
6.524912,12
6.525912,12
6.526916,12
6.527912,11
6.528912,11
6.529916,11
6.530916,11
6.531912,11
6.532912,12
6.533912,12
6.534920,12
6.535912,11
6.536916,11
6.537916,11
6.538916,11
6.539916,11
6.540912,12
6.541916,12
6.542916,12
6.543912,12
6.544912,11
6.545916,11
6.546916,11
6.547916,11
6.548916,12
6.549912,12
6.550920,12
6.551916,12
6.552916,11
6.553916,11
6.554920,11
6.558916,12
6.559920,12
6.560920,11
6.561916,11
6.562920,11
6.563916,11
6.564920,12
6.565920,12
6.566916,12
6.567920,12
6.568916,11
6.569920,11
6.570920,11
6.571916,11
6.572916,12
6.573920,12
6.574920,12
6.575916,12
6.576924,11
6.577924,10
6.578920,10
6.579920,11
6.580920,12
6.581920,13
6.582920,14
6.583920,12
6.584924,9
6.585924,6
6.586920,3
6.587924,1
6.588920,1
6.589920,4
6.590920,7
6.591924,11
6.592924,13
6.593924,14
6.594924,13
6.595920,12
6.596920,11
6.597920,10
6.601920,12
6.602924,12
6.603920,12
6.604920,11
6.605920,11
6.606924,11
6.607924,11
6.608924,12
6.609924,12
6.610924,12
6.611924,12
6.612924,11
6.613928,11
6.614924,11
6.615924,11
6.616928,12
6.617928,12
6.618924,12
6.619928,12
6.620932,11
6.621924,11
6.622928,11
6.623924,11
6.624928,12
6.625924,12
6.626928,12
6.627924,11
6.628928,11
6.629928,11
6.630928,11
6.631928,11
6.632928,12
6.633928,12
6.634928,12
6.635928,11
6.636928,11
6.637924,11
6.638924,11
6.639928,11
6.640932,12
6.644932,11
6.645928,11
6.646932,11
6.647932,11
6.648932,12
6.649928,12
6.650932,12
6.651928,12
6.652928,11
6.653928,11
6.654932,11
6.655932,11
6.656932,12
6.657932,12
6.658932,12
6.659932,12
6.660928,11
6.661928,11
6.662936,11
6.663932,11
6.664928,12
6.665932,12
6.666932,12
6.667932,12
6.668936,11
6.669932,11
6.670932,11
6.671936,11
6.672936,12
6.673932,12
6.674932,12
6.675932,12
6.676932,11
6.677932,10
6.678936,10
6.679936,11
6.680936,12
6.681936,13
6.682932,14
6.686936,3
6.687936,1
6.688936,1
6.689932,4
6.690936,7
6.691940,11
6.692936,13
6.693936,14
6.694940,13
6.695932,12
6.696936,11
6.697936,10
6.698936,10
6.699936,11
6.700936,12
6.701936,12
6.702936,12
6.703936,12
6.704940,11
6.705940,11
6.706936,11
6.707940,11
6.708936,12
6.709936,12
6.710940,12
6.711940,12
6.712940,11
6.713936,11
6.714940,11
6.715936,11
6.716936,12
6.717940,12
6.718936,12
6.719940,12
6.720940,11
6.721940,11
6.722940,11
6.723936,11
6.724944,12
6.725944,12
6.729944,11
6.730940,11
6.731944,11
6.732940,12
6.733944,12
6.734944,12
6.735944,11
6.736944,11
6.737940,11
6.738940,11
6.739940,11
6.740944,12
6.741940,12
6.742944,12
6.743944,12
6.744944,11
6.745944,11
6.746944,11
6.747940,11
6.748948,12
6.749948,12
6.750944,12
6.751948,12
6.752944,11
6.753944,11
6.754944,11
6.755948,11
6.756944,12
6.757948,12
6.758948,12
6.759944,12
6.760948,11
6.761944,11
6.762944,11
6.763944,11
6.764948,12
6.765944,12
6.766948,12
6.767948,12
6.771944,11
6.772944,12
6.773948,12
6.774944,12
6.775948,12
6.776948,11
6.777948,10
6.778952,10
6.779948,11
6.780948,12
6.781948,13
6.782948,14
6.783948,12
6.784952,9
6.785948,6
6.786948,3
6.787948,1
6.788952,1
6.789948,4
6.790952,7
6.791956,11
6.792952,13
6.793952,14
6.794948,13
6.795952,12
6.796948,11
6.797952,10
6.798952,10
6.799952,11
6.800952,12
6.801952,12
6.802948,12
6.803948,12
6.804952,11
6.805948,11
6.806952,11
6.807952,11
6.808952,12
6.809952,12
6.810956,12
6.814952,11
6.815952,11
6.816956,12
6.817952,12
6.818956,12
6.819952,12
6.820956,11
6.821956,11
6.822956,11
6.823956,11
6.824956,12
6.825952,12
6.826952,12
6.827956,11
6.828956,11
6.829956,11
6.830956,11
6.831956,11
6.832956,12
6.833952,12
6.834964,12
6.835956,11
6.836956,11
6.837956,11
6.838956,11
6.839956,11
6.840956,12
6.841956,12
6.842956,12
6.843960,12
6.844960,11
6.845960,11
6.846960,11
6.847956,11
6.848960,12
6.849960,12
6.850956,12
6.851960,12
6.852956,11
6.853960,11
6.857960,12
6.858960,12
6.859960,12
6.860960,11
6.861960,11
6.862960,11
6.863960,11
6.864964,12
6.865960,12
6.866964,12
6.867960,12
6.868960,11
6.869960,11
6.870960,11
6.871960,11
6.872960,12
6.873960,12
6.874960,12
6.875964,12
6.876964,11
6.877968,10
6.878960,10
6.879964,11
6.880960,12
6.881964,13
6.882964,14
6.883964,12
6.884964,9
6.885960,6
6.886964,3
6.887964,1
6.888964,1
6.889960,4
6.890960,7
6.891964,11
6.892964,13
6.893964,14
6.894964,13
6.895964,12
6.899968,11
6.900968,12
6.901968,12
6.902968,12
6.903964,12
6.904964,11
6.905968,11
6.906964,11
6.907968,11
6.908968,12
6.909968,12
6.910968,12
6.911968,12
6.912964,11
6.913964,11
6.914968,11
6.915968,11
6.916968,12
6.917968,12
6.918968,12
6.919968,12
6.920976,11
6.921972,11
6.922972,11
6.923972,11
6.924972,12
6.925968,12
6.926968,12
6.927968,11
6.928968,11
6.929968,11
6.930972,11
6.931972,11
6.932972,12
6.933972,12
6.934972,12
6.935968,11
6.936968,11
6.937972,11
6.938968,11
6.942968,12
6.943972,12
6.944972,11
6.945972,11
6.946972,11
6.947976,11
6.948972,12
6.949968,12
6.950972,12
6.951972,12
6.952976,11
6.953972,11
6.954972,11
6.955976,11
6.956976,12
6.957976,12
6.958972,12
6.959972,12
6.960972,11
6.961976,11
6.962972,11
6.963980,11
6.964972,12
6.965976,12
6.966976,12
6.967972,12
6.968976,11
6.969976,11
6.970976,11
6.971976,11
6.972972,12
6.973976,12
6.974976,12
6.975980,12
6.976980,11
6.977976,10
6.978976,10
6.979980,11
6.980976,12
6.984976,9
6.985980,6
6.986976,3
6.987980,1
6.988980,1
6.989976,4
6.990976,7
6.991980,11
6.992980,13
6.993976,14
6.994980,13
6.995980,12
6.996980,11
6.997980,10
6.998980,10
6.999976,11
7.000976,12
7.001980,12
7.002976,12
7.003980,12
7.004980,11
7.005980,11
7.006988,11
7.007980,11
7.008980,12
7.009980,12
7.010980,12
7.011984,12
7.012980,11
7.013980,11
7.014980,11
7.015984,11
7.016980,12
7.017984,12
7.018984,12
7.019984,12
7.020984,11
7.021980,11
7.022980,11
7.023984,11
7.027984,11
7.028984,11
7.029984,11
7.030980,11
7.031980,11
7.032984,12
7.033984,12
7.034984,12
7.035984,11
7.036984,11
7.037984,11
7.038984,11
7.039984,11
7.040988,12
7.041988,12
7.042988,12
7.043988,12
7.044984,11
7.045984,11
7.046984,11
7.047984,11
7.048988,12
7.049992,12
7.050988,12
7.051988,12
7.052988,11
7.053988,11
7.054984,11
7.055988,11
7.056988,12
7.057988,12
7.058988,12
7.059984,12
7.060988,11
7.061988,11
7.062988,11
7.063988,11
7.064992,12
7.065992,12
7.066992,12
7.070988,11
7.071992,11
7.072988,12
7.073992,12
7.074992,12
7.075988,12
7.076992,11
7.077988,10
7.078988,10
7.079988,11
7.080992,12
7.081988,13
7.082992,14
7.083992,12
7.084992,9
7.085996,6
7.086992,3
7.087988,1
7.088988,1
7.089992,4
7.090996,7
7.091992,11
7.093000,13
7.093992,14
7.094996,13
7.095992,12
7.096996,11
7.097996,10
7.098996,10
7.099992,11
7.100992,12
7.101992,12
7.102992,12
7.103996,12
7.104992,11
7.105996,11
7.106996,11
7.107996,11
7.108996,12
7.113000,11
7.113996,11
7.114996,11
7.115996,11
7.116996,12
7.117992,12
7.119000,12
7.119996,12
7.121000,11
7.121996,11
7.122996,11
7.123996,11
7.124996,12
7.125996,12
7.126996,12
7.128000,11
7.128996,11
7.130000,11
7.131000,11
7.131996,11
7.132996,12
7.133996,12
7.135004,12
7.136004,11
7.137000,11
7.138000,11
7.139000,11
7.140000,11
7.141004,12
7.142000,12
7.143000,12
7.143996,12
7.145000,11
7.146000,11
7.147004,11
7.148000,11
7.149004,12
7.150004,12
7.151000,12
7.152000,12
7.156004,11
7.157000,12
7.158000,12
7.159000,12
7.160004,12
7.161004,11
7.162004,11
7.163000,11
7.164000,11
7.165000,12
7.166004,12
7.167000,12
7.168004,12
7.169004,11
7.170004,11
7.171004,11
7.172004,11
7.173004,12
7.174004,12
7.175004,12
7.176004,12
7.177004,11
7.178008,10
7.179012,10
7.180004,11
7.181008,12
7.182004,13
7.183008,14
7.184008,12
7.185008,9
7.186008,6
7.187004,3
7.188008,1
7.189004,1
7.190008,4
7.191004,7
7.192008,11
7.193008,13
7.194008,14
7.195008,13
7.199008,10
7.200004,11
7.201008,12
7.202008,12
7.203008,12
7.204012,12
7.205008,11
7.206008,11
7.207008,11
7.208008,11
7.209012,12
7.210008,12
7.211008,12
7.212008,12
7.213012,11
7.214008,11
7.215012,11
7.216012,11
7.217012,12
7.218008,12
7.219012,12
7.220008,12
7.221016,11
7.222012,11
7.223008,11
7.224012,11
7.225012,12
7.226012,12
7.227016,12
7.228012,11
7.229008,11
7.230012,11
7.231012,11
7.232012,11
7.233012,12
7.234012,12
7.235012,12
7.236016,11
7.237012,11
7.241012,12
7.242012,12
7.243012,12
7.244012,12
7.245016,11
7.246016,11
7.247012,11
7.248016,11
7.249016,12
7.250016,12
7.251016,12
7.252016,12
7.253012,11
7.254016,11
7.255012,11
7.256016,11
7.257016,12
7.258016,12
7.259016,12
7.260020,12
7.261020,11
7.262020,11
7.263020,11
7.264024,11
7.265024,12
7.266016,12
7.267020,12
7.268016,12
7.269020,11
7.270016,11
7.271020,11
7.272016,11
7.273020,12
7.274016,12
7.275016,12
7.276020,12
7.277020,11
7.278020,10
7.279020,10
7.280020,11
7.284020,12
7.285020,9
7.286024,6
7.287020,3
7.288024,1
7.289020,1
7.290020,4
7.291020,7
7.292024,11
7.293020,13
7.294020,14
7.295024,13
7.296024,12
7.297020,11
7.298020,10
7.299024,10
7.300020,11
7.301024,12
7.302020,12
7.303024,12
7.304024,12
7.305020,11
7.306020,11
7.307028,11
7.308020,11
7.309024,12
7.310028,12
7.311024,12
7.312024,12
7.313024,11
7.314024,11
7.315028,11
7.316024,11
7.317024,12
7.318028,12
7.319024,12
7.320028,12
7.321024,11
7.322024,11
7.326024,12
7.327024,12
7.328028,11
7.329024,11
7.330024,11
7.331024,11
7.332028,11
7.333024,12
7.334028,12
7.335028,12
7.336028,11
7.337028,11
7.338032,11
7.339028,11
7.340028,11
7.341032,12
7.342028,12
7.343032,12
7.344028,12
7.345028,11
7.346032,11
7.347028,11
7.348032,11
7.349032,12
7.350036,12
7.351028,12
7.352028,12
7.353028,11
7.354028,11
7.355032,11
7.356028,11
7.357032,12
7.358032,12
7.359032,12
7.360032,12
7.361028,11
7.362032,11
7.363032,11
7.364028,11
7.365032,12
7.369032,11
7.370032,11
7.371032,11
7.372032,11
7.373032,12
7.374032,12
7.375036,12
7.376032,12
7.377032,11
7.378032,10
7.379036,10
7.380036,11
7.381036,12
7.382036,13
7.383036,14
7.384036,12
7.385032,9
7.386032,6
7.387036,3
7.388032,1
7.389036,1
7.390032,4
7.391036,7
7.392036,11
7.393044,13
7.394036,14
7.395036,13
7.396036,12
7.397032,11
7.398036,10
7.399036,10
7.400036,11
7.401036,12
7.402040,12
7.403040,12
7.404040,12
7.405036,11
7.406040,11
7.407036,11
7.408036,11
7.412040,12
7.413036,11
7.414040,11
7.415040,11
7.416036,11
7.417036,12
7.418040,12
7.419044,12
7.420036,12
7.421040,11
7.422040,11
7.423040,11
7.424040,11
7.425040,12
7.426040,12
7.427040,12
7.428040,11
7.429044,11
7.430040,11
7.431040,11
7.432040,11
7.433044,12
7.434040,12
7.435044,12
7.436048,11
7.437040,11
7.438040,11
7.439044,11
7.440044,11
7.441044,12
7.442044,12
7.443044,12
7.444040,12
7.445044,11
7.446044,11
7.447040,11
7.448044,11
7.449044,12
7.450044,12
7.454044,11
7.455044,11
7.456048,11
7.457044,12
7.458048,12
7.459048,12
7.460048,12
7.461044,11
7.462044,11
7.463048,11
7.464048,11
7.465044,12
7.466044,12
7.467048,12
7.468048,12
7.469048,11
7.470048,11
7.471044,11
7.472044,11
7.473044,12
7.474048,12
7.475044,12
7.476048,12
7.477048,11
7.478048,10
7.479052,10
7.480048,11
7.481048,12
7.482052,13
7.483048,14
7.484052,12
7.485052,9
7.486048,6
7.487048,3
7.488048,1
7.489048,1
7.490052,4
7.491048,7
7.492048,11
7.493052,13
7.497048,11
7.498048,10
7.499052,10
7.500052,11
7.501052,12
7.502052,12
7.503052,12
7.504052,12
7.505052,11
7.506052,11
7.507052,11
7.508052,11
7.509052,12
7.510052,12
7.511052,12
7.512056,12
7.513056,11
7.514056,11
7.515056,11
7.516056,11
7.517052,12
7.518052,12
7.519052,12
7.520052,12
7.521056,11
7.522060,11
7.523056,11
7.524056,11
7.525052,12
7.526056,12
7.527052,12
7.528056,11
7.529056,11
7.530056,11
7.531056,11
7.532056,11
7.533056,12
7.534056,12
7.535060,12
7.539056,11
7.540056,11
7.541056,12
7.542056,12
7.543060,12
7.544056,12
7.545056,11
7.546056,11
7.547056,11
7.548060,11
7.549056,12
7.550056,12
7.551056,12
7.552056,12
7.553060,11
7.554060,11
7.555060,11
7.556060,11
7.557056,12
7.558060,12
7.559060,12
7.560060,12
7.561060,11
7.562060,11
7.563060,11
7.564060,11
7.565064,12
7.566060,12
7.567064,12
7.568064,12
7.569060,11
7.570060,11
7.571060,11
7.572060,11
7.573060,12
7.574060,12
7.575060,12
7.576064,12
7.577064,11
7.578060,10
7.582064,13
7.583060,14
7.584064,12
7.585060,9
7.586064,6
7.587064,3
7.588064,1
7.589064,1
7.590064,4
7.591064,7
7.592064,11
7.593064,13
7.594064,14
7.595064,13
7.596064,12
7.597064,11
7.598064,10
7.599064,10
7.600068,11
7.601068,12
7.602068,12
7.603064,12
7.604068,12
7.605064,11
7.606064,11
7.607068,11
7.608072,11
7.609064,12
7.610068,12
7.611068,12
7.612064,12
7.613068,11
7.614068,11
7.615068,11
7.616068,11
7.617064,12
7.618068,12
7.619068,12
7.620068,12
7.621068,11
7.626072,12
7.627068,12
7.628072,11
7.629068,11
7.630072,11
7.631068,11
7.632072,11
7.633072,12
7.634072,12
7.635072,12
7.636068,11
7.637068,11
7.638068,11
7.639068,11
7.640072,11
7.641072,12
7.642072,12
7.643072,12
7.644072,12
7.645072,11
7.646072,11
7.647072,11
7.648072,11
7.649072,12
7.650076,12
7.651076,12
7.652072,12
7.653076,11
7.654072,11
7.655076,11
7.656076,11
7.657076,12
7.658076,12
7.659072,12
7.660072,12
7.661072,11
7.662072,11
7.663076,11
7.664072,11
7.668072,12
7.669072,11
7.670072,11
7.671076,11
7.672080,11
7.673076,12
7.674076,12
7.675076,12
7.676076,12
7.677076,11
7.678080,10
7.679080,10
7.680080,11
7.681076,12
7.682080,13
7.683076,14
7.684076,12
7.685076,9
7.686080,6
7.687080,3
7.688080,1
7.689080,1
7.690080,4
7.691080,7
7.692076,11
7.693084,13
7.694084,14
7.695076,13
7.696080,12
7.697080,11
7.698080,10
7.699080,10
7.700076,11
7.701076,12
7.702076,12
7.703080,12
7.704084,12
7.705080,11
7.706080,11
7.707080,11
7.711080,12
7.712084,12
7.713084,11
7.714080,11
7.715080,11
7.716080,11
7.717084,12
7.718080,12
7.719084,12
7.720084,12
7.721084,11
7.722084,11
7.723080,11
7.724084,11
7.725084,12
7.726080,12
7.727084,12
7.728084,11
7.729080,11
7.730084,11
7.731088,11
7.732084,11
7.733088,12
7.734088,12
7.735088,12
7.736088,11
7.737088,11
7.738084,11
7.739084,11
7.740088,11
7.741084,12
7.742088,12
7.743088,12
7.744088,12
7.745088,11
7.746084,11
7.747088,11
7.748088,11
7.749084,12
7.753088,11
7.754088,11
7.755088,11
7.756088,11
7.757088,12
7.758088,12
7.759092,12
7.760088,12
7.761088,11
7.762088,11
7.763088,11
7.764088,11
7.765092,12
7.766092,12
7.767092,12
7.768092,12
7.769088,11
7.770088,11
7.771088,11
7.772088,11
7.773088,12
7.774092,12
7.775092,12
7.776092,12
7.777092,11
7.778088,10
7.779100,10
7.780092,11
7.781092,12
7.782092,13
7.783092,14
7.784092,12
7.785092,9
7.786092,6
7.787092,3
7.788096,1
7.789092,1
7.790092,4
7.791096,7
7.792096,11
7.796092,12
7.797092,11
7.798096,10
7.799096,10
7.800096,11
7.801092,12
7.802092,12
7.803092,12
7.804092,12
7.805096,11
7.806092,11
7.807096,11
7.808096,11
7.809096,12
7.810092,12
7.811100,12
7.812096,12
7.813096,11
7.814096,11
7.815100,11
7.816096,11
7.817096,12
7.818096,12
7.819096,12
7.820100,12
7.821096,11
7.822104,11
7.823096,11
7.824100,11
7.825096,12
7.826096,12
7.827096,12
7.828100,11
7.829100,11
7.830096,11
7.831096,11
7.832100,11
7.833096,12
7.834096,12
7.835096,12
7.839096,11
7.840100,11
7.841096,12
7.842104,12
7.843100,12
7.844100,12
7.845100,11
7.846100,11
7.847100,11
7.848100,11
7.849100,12
7.850100,12
7.851104,12
7.852100,12
7.853100,11
7.854100,11
7.855100,11
7.856104,11
7.857100,12
7.858100,12
7.859104,12
7.860100,12
7.861104,11
7.862104,11
7.863104,11
7.864104,11
7.865108,12
7.866104,12
7.867104,12
7.868104,12
7.869104,11
7.870104,11
7.871104,11
7.872104,11
7.873104,12
7.874104,12
7.875104,12
7.876104,12
7.877104,11
7.881104,12
7.882108,13
7.883104,14
7.884108,12
7.885108,9
7.886108,6
7.887108,3
7.888108,1
7.889104,1
7.890104,4
7.891104,7
7.892104,11
7.893108,13
7.894108,14
7.895108,13
7.896108,12
7.897108,11
7.898104,10
7.899104,10
7.900108,11
7.901112,12
7.902108,12
7.903108,12
7.904108,12
7.905108,11
7.906108,11
7.907112,11
7.908116,11
7.909108,12
7.910112,12
7.911108,12
7.912112,12
7.913108,11
7.914112,11
7.915108,11
7.916112,11
7.917112,12
7.918112,12
7.919112,12
7.920108,12
7.924112,11
7.925112,12
7.926112,12
7.927112,12
7.928112,11
7.929112,11
7.930112,11
7.931116,11
7.932112,11
7.933116,12
7.934116,12
