0.000780,11
0.010780,9
0.011784,10
0.012784,11
0.013784,11
0.014784,11
0.015780,11
0.016784,10
0.017780,9
0.018784,9
0.019780,9
0.020784,8
0.021780,9
0.022784,9
0.023784,10
0.024784,10
0.025784,11
0.026784,11
0.027784,11
0.028784,10
0.029784,10
0.030780,9
0.031784,9
0.032788,9
0.033784,9
0.034784,9
0.035784,9
0.036784,10
0.037784,10
0.038784,11
0.039788,11
0.040788,11
0.041788,10
0.042784,10
0.043784,9
0.044784,9
0.045788,9
0.046784,9
0.047788,9
0.048792,10
0.049788,10
0.053788,10
0.054788,10
0.055792,9
0.056788,9
0.057792,9
0.058788,9
0.059788,9
0.060788,9
0.061792,10
0.062792,10
0.063788,11
0.064792,11
0.065792,11
0.066792,10
0.067788,10
0.068792,9
0.069792,9
0.070792,9
0.071792,9
0.072788,9
0.073788,9
0.074788,10
0.075792,10
0.076788,11
0.077792,11
0.078792,10
0.079792,10
0.080792,9
0.081788,9
0.082788,9
0.083788,9
0.084792,9
0.085796,9
0.086792,10
0.087792,10
0.088792,11
0.089792,11
0.090796,11
0.091800,10
0.092792,10
0.093796,9
0.097792,9
0.098796,9
0.099792,10
0.100796,10
0.101796,11
0.102792,11
0.103792,10
0.104796,10
0.105792,9
0.106796,9
0.107792,9
0.108796,9
0.109796,9
0.110796,9
0.111800,10
0.112800,10
0.113800,10
0.114796,11
0.115796,10
0.116796,10
0.117796,10
0.118796,9
0.119796,9
0.120796,9
0.121800,9
0.122796,9
0.123800,9
0.124800,10
0.125796,10
0.126796,10
0.127796,11
0.128800,10
0.129800,10
0.130796,10
0.131800,9
0.132800,9
0.133800,9
0.134804,9
0.135800,9
0.136796,10
0.137796,10
0.141800,10
0.142800,10
0.143800,1
0.144800,2
0.145800,3
0.146804,6
0.147804,8
0.148804,10
0.149800,12
0.150800,13
0.151800,13
0.152800,12
0.153804,11
0.154804,10
0.155804,8
0.156804,7
0.157804,7
0.158804,8
0.159800,8
0.160804,9
0.161804,11
0.162804,12
0.163804,12
0.164804,12
0.165804,11
0.166804,10
0.167808,9
0.168804,8
0.169804,8
0.170804,8
0.171804,8
0.172804,9
0.173808,10
0.174804,11
0.175804,11
0.176808,11
0.177812,11
0.178804,11
0.179808,10
0.180808,9
0.181808,8
0.185808,9
0.186808,10
0.187808,11
0.188808,11
0.189808,11
0.190808,11
0.191808,10
0.192808,9
0.193808,9
0.194808,8
0.195808,8
0.196808,8
0.197808,9
0.198808,10
0.199808,10
0.200812,11
0.201812,11
0.202808,11
0.203812,11
0.204808,10
0.205808,9
0.206808,9
0.207808,8
0.208808,8
0.209812,9
0.210808,9
0.211812,10
0.212808,11
0.213812,11
0.214812,11
0.215812,11
0.216812,10
0.217812,9
0.218808,9
0.219812,9
0.220816,8
0.221816,9
0.222812,9
0.223816,10
0.224816,10
0.225816,11
0.229812,10
0.230816,9
0.231812,9
0.232816,9
0.233812,9
0.234812,9
0.235816,9
0.236816,10
0.237812,10
0.238812,11
0.239816,11
0.240812,11
0.241816,10
0.242816,10
0.243816,9
0.244816,9
0.245816,9
0.246812,9
0.247812,9
0.248816,10
0.249820,10
0.250816,11
0.251812,11
0.252816,11
0.253816,10
0.254816,10
0.255816,9
0.256816,9
0.257820,9
0.258820,9
0.259820,9
0.260820,9
0.261816,10
0.262816,10
0.263828,11
0.264816,11
0.265820,11
0.266820,10
0.267820,10
0.268820,9
0.272820,9
0.273816,9
0.274820,10
0.275820,10
0.276820,11
0.277820,11
0.278816,10
0.279824,10
0.280820,9
0.281820,9
0.282824,9
0.283824,9
0.284820,9
0.285820,9
0.286820,10
0.287820,10
0.288824,11
0.289824,11
0.290824,11
0.291824,10
0.292824,10
0.293820,9
0.294820,9
0.295820,9
0.296824,9
0.297820,9
0.298824,9
0.299824,10
0.300824,10
0.301824,11
0.302820,11
0.303824,10
0.304824,10
0.305824,9
0.306832,9
0.307824,9
0.308824,9
0.309824,9
0.310824,9
0.311828,10
0.312828,10
0.316824,10
0.317824,10
0.318824,9
0.319824,9
0.320828,9
0.321824,9
0.322828,9
0.323828,9
0.324824,10
0.325828,10
0.326828,10
0.327828,11
0.328828,10
0.329824,10
0.330828,10
0.331828,9
0.332828,9
0.333828,9
0.334832,9
0.335828,9
0.336828,10
0.337832,10
0.338832,10
0.339828,11
0.340828,10
0.341828,10
0.342828,10
0.343832,1
0.344832,2
0.345832,3
0.346832,6
0.347832,8
0.348832,10
0.349836,12
0.350828,13
0.351828,13
0.352832,12
0.353832,11
0.354832,10
0.355832,8
0.356832,7
0.360832,9
0.361832,11
0.362828,12
0.363832,12
0.364832,12
0.365836,11
0.366832,10
0.367832,9
0.368832,8
0.369836,8
0.370832,8
0.371836,8
0.372832,9
0.373832,10
0.374832,11
0.375836,11
0.376836,11
0.377836,11
0.378836,11
0.379836,10
0.380836,9
0.381832,8
0.382836,8
0.383836,8
0.384836,9
0.385836,9
0.386832,10
0.387836,11
0.388840,11
0.389836,11
0.390836,11
0.391844,10
0.392836,9
0.393840,9
0.394836,8
0.395840,8
0.396836,8
0.397836,9
0.398840,10
0.399840,10
0.400840,11
0.404836,10
0.405840,9
0.406836,9
0.407836,8
0.408840,8
0.409840,9
0.410840,9
0.411840,10
0.412836,11
0.413836,11
0.414840,11
0.415844,11
0.416840,10
0.417840,9
0.418836,9
0.419840,9
0.420840,8
0.421840,9
0.422840,9
0.423840,10
0.424844,10
0.425840,11
0.426840,11
0.427840,11
0.428840,10
0.429840,10
0.430844,9
0.431844,9
0.432844,9
0.433844,9
0.434848,9
0.435840,9
0.436840,10
0.437840,10
0.438844,11
0.439844,11
0.440840,11
0.441844,10
0.442844,10
0.443840,9
0.444848,9
0.448848,10
0.449844,10
0.450844,11
0.451844,11
0.452844,11
0.453848,10
0.454844,10
0.455844,9
0.456848,9
0.457848,9
0.458848,9
0.459844,9
0.460844,9
0.461844,10
0.462848,10
0.463848,11
0.464848,11
0.465848,11
0.466848,10
0.467844,10
0.468848,9
0.469848,9
0.470848,9
0.471848,9
0.472848,9
0.473848,9
0.474848,10
0.475848,10
0.476848,11
0.477856,11
0.478848,10
0.479852,10
0.480852,9
0.481848,9
0.482848,9
0.483852,9
0.484852,9
0.485848,9
0.486852,10
0.487852,10
0.488852,11
0.492852,10
0.493852,9
0.494852,9
0.495852,9
0.496852,9
0.497852,9
0.498852,9
0.499852,10
0.500852,10
0.501852,11
0.502856,11
0.503856,10
0.504856,10
0.505852,9
0.506856,9
0.507852,9
0.508852,9
0.509852,9
0.510852,9
0.511856,10
0.512856,10
0.513856,10
0.514856,11
0.515852,10
0.516852,10
0.517852,10
0.518856,9
0.519852,9
0.520860,9
0.521856,9
0.522856,9
0.523856,9
0.524856,10
0.525856,10
0.526856,10
0.527856,11
0.528856,10
0.529856,10
0.530856,10
0.531856,9
0.532856,9
0.536856,10
0.537856,10
0.538860,10
0.539856,11
0.540856,10
0.541860,10
0.542860,10
0.543860,1
0.544860,2
0.545860,3
0.546860,6
0.547856,8
0.548856,10
0.549856,12
0.550860,13
0.551860,13
0.552860,12
0.553860,11
0.554860,10
0.555860,8
0.556860,7
0.557860,7
0.558860,8
0.559864,8
0.560864,9
0.561860,11
0.562860,12
0.563864,12
0.564864,12
0.565864,11
0.566860,10
0.567860,9
0.568864,8
0.569864,8
0.570864,8
0.571860,8
0.572860,9
0.573864,10
0.574860,11
0.575864,11
0.579864,10
0.580864,9
0.581864,8
0.582868,8
0.583860,8
0.584864,9
0.585864,9
0.586864,10
0.587864,11
0.588868,11
0.589868,11
0.590868,11
0.591868,10
0.592864,9
0.593868,9
0.594864,8
0.595864,8
0.596864,8
0.597868,9
0.598864,10
0.599868,10
0.600868,11
0.601864,11
0.602864,11
0.603864,11
0.604868,10
0.605868,9
0.606872,9
0.607868,8
0.608868,8
0.609868,9
0.610868,9
0.611864,10
0.612868,11
0.613868,11
0.614868,11
0.615868,11
0.616872,10
0.617868,9
0.618868,9
0.619868,9
0.623872,10
0.624872,10
0.625868,11
0.626868,11
0.627868,11
0.628872,10
0.629868,10
0.630872,9
0.631872,9
0.632872,9
0.633872,9
0.634868,9
0.635872,9
0.636872,10
0.637868,10
0.638872,11
0.639872,11
0.640872,11
0.641872,10
0.642872,10
0.643876,9
0.644876,9
0.645872,9
0.646872,9
0.647876,9
0.648872,10
0.649884,10
0.650872,11
0.651876,11
0.652872,11
0.653876,10
0.654876,10
0.655876,9
0.656872,9
0.657876,9
0.658872,9
0.659872,9
0.660876,9
0.661880,10
0.662876,10
0.663876,11
0.667876,10
0.668876,9
0.669876,9
0.670880,9
0.671876,9
0.672880,9
0.673876,9
0.674880,10
0.675876,10
0.676880,11
0.677880,11
0.678880,10
0.679876,10
0.680876,9
0.681876,9
0.682876,9
0.683876,9
0.684880,9
0.685876,9
0.686880,10
0.687880,10
0.688876,11
0.689876,11
0.690884,11
0.691884,10
0.692888,10
0.693880,9
0.694880,9
0.695880,9
0.696880,9
0.697880,9
0.698884,9
0.699880,10
0.700880,10
0.701880,11
0.702884,11
0.703880,10
0.704880,10
0.705884,9
0.706880,9
0.707884,9
0.711884,10
0.712884,10
0.713880,10
0.714880,11
0.715884,10
0.716884,10
0.717884,10
0.718884,9
0.719884,9
0.720884,9
0.721884,9
0.722888,9
0.723888,9
0.724888,10
0.725884,10
0.726888,10
0.727884,11
0.728884,10
0.729888,10
0.730884,10
0.731888,9
0.732888,9
0.733888,9
0.734888,9
0.735888,9
0.736884,10
0.737888,10
0.738884,10
0.739888,11
0.740884,10
0.741888,10
0.742888,10
0.743884,1
0.744888,2
0.745884,3
0.746888,6
0.747888,8
0.748888,10
0.749888,12
0.750888,13
0.751888,13
0.755888,8
0.756892,7
0.757892,7
0.758888,8
0.759892,8
0.760888,9
0.761888,11
0.762892,12
0.763892,12
0.764892,12
0.765892,11
0.766892,10
0.767888,9
0.768888,8
0.769888,8
0.770888,8
0.771892,8
0.772892,9
0.773892,10
0.774892,11
0.775892,11
0.776896,11
0.777892,11
0.778896,11
0.779892,10
0.780896,9
0.781892,8
0.782896,8
0.783892,8
0.784892,9
0.785896,9
0.786892,10
0.787892,11
0.788896,11
0.789896,11
0.790892,11
0.791892,10
0.792892,9
0.793892,9
0.794896,8
0.795892,8
0.800892,11
0.801896,11
0.802900,11
0.803896,11
0.804892,10
0.805896,9
0.806896,9
0.807900,8
0.808896,8
0.809900,9
0.810900,9
0.811896,10
0.812896,11
0.813900,11
0.814900,11
0.815896,11
0.816900,10
0.817896,9
0.818900,9
0.819900,9
0.820896,8
0.821908,9
0.822900,9
0.823900,10
0.824900,10
0.825900,11
0.826896,11
0.827900,11
0.828900,10
0.829896,10
0.830900,9
0.831900,9
0.832900,9
0.833900,9
0.834900,9
0.835904,9
0.836900,10
0.837900,10
0.838900,11
0.839900,11
0.843900,9
0.844904,9
0.845900,9
0.846900,9
0.847904,9
0.848900,10
0.849904,10
0.850900,11
0.851900,11
0.852900,11
0.853900,10
0.854900,10
0.855900,9
0.856904,9
0.857908,9
0.858900,9
0.859904,9
0.860904,9
0.861904,10
0.862904,10
0.863908,11
0.864912,11
0.865904,11
0.866908,10
0.867908,10
0.868904,9
0.869904,9
0.870904,9
0.871904,9
0.872908,9
0.873904,9
0.874908,10
0.875904,10
0.876908,11
0.877904,11
0.878904,10
0.879904,10
0.880908,9
0.881904,9
0.882908,9
0.883908,9
0.887912,10
0.888912,11
0.889912,11
0.890908,11
0.891912,10
0.892908,10
0.893908,9
0.894908,9
0.895912,9
0.896912,9
0.897912,9
0.898912,9
0.899912,10
0.900908,10
0.901908,11
0.902908,11
0.903912,10
0.904908,10
0.905912,9
0.906912,9
0.907916,9
0.908908,9
0.909912,9
0.910912,9
0.911912,10
0.912912,10
0.913912,10
0.914912,11
0.915912,10
0.916912,10
0.917912,10
0.918912,9
0.919912,9
0.920916,9
0.921916,9
0.922912,9
0.923916,9
0.924912,10
0.925912,10
0.926916,10
0.927912,11
0.931916,9
0.932912,9
0.933916,9
0.934916,9
0.935912,9
0.936912,10
0.937916,10
0.938916,10
0.939916,11
0.940920,10
0.941920,10
0.942920,10
0.943916,1
0.944916,2
0.945916,3
0.946916,6
0.947916,8
0.948916,10
0.949920,12
0.950920,13
0.951916,13
0.952920,12
0.953920,11
0.954916,10
0.955920,8
0.956916,7
0.957916,7
0.958920,8
0.959916,8
0.960920,9
0.961920,11
0.962920,12
0.963920,12
0.964920,12
0.965920,11
0.966920,10
0.967920,9
0.968924,8
0.969920,8
0.970920,8
0.971920,8
0.975920,11
0.976920,11
0.977920,11
0.978920,11
0.979920,10
0.980920,9
0.981920,8
0.982924,8
0.983924,8
0.984920,9
0.985920,9
0.986924,10
0.987920,11
0.988920,11
0.989924,11
0.990924,11
0.991924,10
0.992928,9
0.993932,9
0.994924,8
0.995924,8
0.996920,8
0.997920,9
0.998924,10
0.999924,10
1.000924,11
1.001924,11
1.002924,11
1.003924,11
1.004928,10
1.005924,9
1.006928,9
1.007928,8
1.008928,8
1.009924,9
1.010928,9
1.011924,10
1.012924,11
1.013928,11
1.014924,11
1.015928,11
1.019928,9
1.020928,8
1.021928,9
1.022932,9
1.023924,10
1.024928,10
1.025928,11
1.026928,11
1.027932,11
1.028928,10
1.029928,10
1.030928,9
1.031928,9
1.032932,9
1.033928,9
1.034928,9
1.035936,9
1.036940,10
1.037932,10
1.038932,11
1.039932,11
1.040932,11
1.041932,10
1.042928,10
1.043928,9
1.044928,9
1.045932,9
1.046928,9
1.047932,9
1.048932,10
1.049932,10
1.050932,11
1.051928,11
1.052932,11
1.053932,10
1.054932,10
1.055932,9
1.056932,9
1.057932,9
1.058932,9
1.059932,9
1.063932,11
1.064932,11
1.065932,11
1.066932,10
1.067932,10
1.068936,9
1.069932,9
1.070936,9
1.071936,9
1.072936,9
1.073932,9
1.074936,10
1.075936,10
1.076936,11
1.077936,11
1.078940,10
1.079936,10
1.080936,9
1.081936,9
1.082940,9
1.083940,9
1.084936,9
1.085936,9
1.086940,10
1.087936,10
1.088940,11
1.089936,11
1.090936,11
1.091940,10
1.092940,10
1.093940,9
1.094940,9
1.095940,9
1.096936,9
1.097936,9
1.098940,9
1.099940,10
1.100936,10
1.101940,11
1.102940,11
1.103940,10
1.107940,9
1.108944,9
1.109944,9
1.110940,9
1.111940,10
1.112940,10
1.113940,10
1.114944,11
1.115944,10
1.116944,10
1.117944,10
1.118944,9
1.119940,9
1.120940,9
1.121952,9
1.122940,9
1.123944,9
1.124944,10
1.125944,10
1.126944,10
1.127944,11
1.128944,10
1.129944,10
1.130944,10
1.131944,9
1.132940,9
1.133944,9
1.134944,9
1.135944,9
1.136944,10
1.137944,10
1.138948,10
1.139948,11
1.140948,10
1.141944,10
1.142948,10
1.143944,1
1.144944,2
1.145944,3
1.146948,6
1.147944,8
1.151944,13
1.152948,12
1.153948,11
1.154944,10
1.155944,8
1.156948,7
1.157948,7
1.158948,8
1.159948,8
1.160948,9
1.161952,11
1.162948,12
1.163948,12
1.164952,12
1.165948,11
1.166948,10
1.167948,9
1.168948,8
1.169948,8
1.170948,8
1.171948,8
1.172948,9
1.173948,10
1.174952,11
1.175948,11
1.176948,11
1.177948,11
1.178952,11
1.179952,10
1.180952,9
1.181952,8
1.182952,8
1.183952,8
1.184948,9
1.185948,9
1.186948,10
1.187952,11
1.188948,11
1.189952,11
1.190952,11
1.194952,8
1.195952,8
1.196952,8
1.197956,9
1.198952,10
1.199952,10
1.200952,11
1.201956,11
1.202956,11
1.203952,11
1.204952,10
1.205956,9
1.206952,9
1.207964,8
1.208952,8
1.209952,9
1.210956,9
1.211952,10
1.212956,11
1.213956,11
1.214952,11
1.215956,11
1.216956,10
1.217956,9
1.218956,9
1.219960,9
1.220956,8
1.221956,9
1.222956,9
1.223956,10
1.224956,10
1.225960,11
1.226960,11
1.227960,11
1.228956,10
1.229960,10
1.230956,9
1.231956,9
1.232960,9
1.233956,9
1.234960,9
1.238960,11
1.239960,11
1.240960,11
1.241956,10
1.242960,10
1.243960,9
1.244960,9
1.245960,9
1.246960,9
1.247960,9
1.248960,10
1.249960,10
1.250964,11
1.251960,11
1.252960,11
1.253960,10
1.254960,10
1.255960,9
1.256964,9
1.257964,9
1.258960,9
1.259964,9
1.260964,9
1.261960,10
1.262960,10
1.263960,11
1.264964,11
1.265960,11
1.266964,10
1.267964,10
1.268964,9
1.269964,9
1.270964,9
1.271960,9
1.272960,9
1.273964,9
1.274964,10
1.275964,10
1.276964,11
1.277964,11
1.278964,10
1.282968,9
1.283968,9
1.284968,9
1.285964,9
1.286964,10
1.287964,10
1.288968,11
1.289964,11
1.290968,11
1.291968,10
1.292968,10
1.293976,9
1.294964,9
1.295964,9
1.296964,9
1.297968,9
1.298968,9
1.299968,10
1.300968,10
1.301968,11
1.302968,11
1.303968,10
1.304964,10
1.305968,9
1.306972,9
1.307972,9
1.308968,9
1.309968,9
1.310968,9
1.311968,10
1.312972,10
1.313972,10
1.314972,11
1.315968,10
1.316972,10
1.317968,10
1.318968,9
1.319968,9
1.320972,9
1.321968,9
1.322972,9
1.326968,10
1.327968,11
1.328972,10
1.329976,10
1.330972,10
1.331972,9
1.332972,9
1.333972,9
1.334972,9
1.335972,9
1.336980,10
1.337972,10
1.338972,10
1.339972,11
1.340976,10
1.341972,10
1.342976,10
1.343972,1
1.344976,2
1.345972,3
1.346976,6
1.347976,8
1.348972,10
1.349972,12
1.350972,13
1.351972,13
1.352976,12
1.353976,11
1.354976,10
1.355976,8
1.356976,7
1.357976,7
1.358976,8
1.359976,8
1.360976,9
1.361976,11
1.362980,12
1.363976,12
1.364976,12
1.365976,11
1.366980,10
1.370976,8
1.371976,8
1.372980,9
1.373976,10
1.374980,11
1.375976,11
1.376980,11
1.377980,11
1.378980,11
1.379988,10
1.380980,9
1.381980,8
1.382980,8
1.383980,8
1.384976,9
1.385980,9
1.386976,10
1.387980,11
1.388984,11
1.389980,11
1.390984,11
1.391984,10
1.392984,9
1.393984,9
1.394980,8
1.395980,8
1.396980,8
1.397980,9
1.398980,10
1.399984,10
1.400984,11
1.401984,11
1.402984,11
1.403984,11
1.404984,10
1.405984,9
1.406984,9
1.407980,8
1.408984,8
1.409984,9
1.410984,9
1.414984,11
1.415984,11
1.416984,10
1.417984,9
1.418984,9
1.419984,9
1.420984,8
1.421984,9
1.422992,9
1.423988,10
1.424988,10
1.425988,11
1.426984,11
1.427984,11
1.428984,10
1.429984,10
1.430988,9
1.431984,9
1.432988,9
1.433988,9
1.434988,9
1.435988,9
1.436984,10
1.437984,10
1.438988,11
1.439988,11
1.440988,11
1.441988,10
1.442988,10
1.443988,9
1.444992,9
1.445988,9
1.446992,9
1.447992,9
1.448992,10
1.449988,10
1.450988,11
1.451988,11
1.452988,11
1.453988,10
1.457992,9
1.458992,9
1.459988,9
1.460988,9
1.461988,10
1.462992,10
1.463992,11
1.464996,11
1.466000,11
1.466988,10
1.467992,10
1.468992,9
1.469992,9
1.470988,9
1.471992,9
1.472996,9
1.473992,9
1.474992,10
1.475992,10
1.476992,11
1.477996,11
1.478996,10
1.479996,10
1.480996,9
1.481996,9
1.482992,9
1.483992,9
1.484992,9
1.485992,9
1.486996,10
1.487996,10
1.488996,11
1.489996,11
1.490996,11
1.491992,10
1.492992,10
1.493996,9
1.494996,9
1.495996,9
1.496996,9
1.497996,9
1.501996,11
1.502996,11
1.504000,10
1.504996,10
1.505996,9
1.506996,9
1.508000,9
1.509004,9
1.509996,9
1.511000,9
1.512000,10
1.512996,10
1.514000,10
1.515000,11
1.516000,10
1.516996,10
1.518000,10
1.519000,9
1.520000,9
1.521000,9
1.522000,9
1.523000,9
1.524000,9
1.525000,10
1.526000,10
1.526996,10
1.528000,11
1.529000,10
1.530004,10
1.531000,10
1.532004,9
1.533004,9
1.534000,9
1.535000,9
1.536000,9
1.537004,10
1.538000,10
1.539004,10
1.540000,11
1.541000,10
1.542004,10
1.546000,3
1.547000,6
1.548000,8
1.549004,10
1.550004,12
1.551008,13
1.552008,13
1.553008,12
1.554004,11
1.555008,10
1.556004,8
1.557004,7
1.558004,7
1.559004,8
1.560004,8
1.561004,9
1.562004,11
1.563004,12
1.564004,12
1.565008,12
1.566008,11
1.567008,10
1.568004,9
1.569008,8
1.570004,8
1.571004,8
1.572004,8
1.573008,9
1.574004,10
1.575008,11
1.576008,11
1.577012,11
1.578008,11
1.579004,11
1.580008,10
1.581008,9
1.582008,8
1.583008,8
1.584008,8
1.585008,9
1.586008,9
1.590008,11
1.591012,11
1.592008,10
1.593008,9
1.594012,9
1.595012,8
1.596008,8
1.597012,8
1.598012,9
1.599012,10
1.600012,10
1.601012,11
1.602012,11
1.603012,11
1.604012,11
1.605012,10
1.606012,9
1.607012,9
1.608012,8
1.609012,8
1.610012,9
1.611016,9
1.612012,10
1.613012,11
1.614012,11
1.615012,11
1.616012,11
1.617012,10
1.618012,9
1.619012,9
1.620016,9
1.621016,8
1.622016,9
1.623016,9
1.624012,10
1.625012,10
1.626012,11
1.627016,11
1.628012,11
1.629016,10
1.630016,10
1.634016,9
1.635016,9
1.636016,9
1.637020,10
1.638016,10
1.639016,11
1.640016,11
1.641020,11
1.642020,10
1.643020,10
1.644020,9
1.645020,9
1.646020,9
1.647016,9
1.648020,9
1.649016,10
1.650020,10
1.651016,11
1.652020,11
1.653020,11
1.654016,10
1.655020,10
1.656016,9
1.657016,9
1.658016,9
1.659016,9
1.660020,9
1.661020,9
1.662016,10
1.663020,10
1.664024,11
1.665020,11
1.666020,11
1.667020,10
1.668020,10
1.669020,9
1.670020,9
1.671020,9
1.672020,9
1.673020,9
1.674024,9
1.678020,11
1.679024,10
1.680028,10
1.681020,9
1.682020,9
1.683024,9
1.684024,9
1.685020,9
1.686024,9
1.687024,10
1.688024,10
1.689024,11
1.690024,11
1.691024,11
1.692024,10
1.693024,10
1.694024,9
1.695024,9
1.696024,9
1.697024,9
1.698028,9
1.699028,9
1.700028,10
1.701028,10
1.702024,11
1.703024,11
1.704024,10
1.705024,10
1.706028,9
1.707028,9
1.708024,9
1.709028,9
1.710028,9
1.711024,9
1.712024,10
1.713024,10
1.714028,10
1.715024,11
1.716028,10
1.717028,10
1.718028,10
1.722028,9
1.723032,9
1.724028,9
1.725028,10
1.726028,10
1.727028,10
1.728028,11
1.729028,10
1.730032,10
1.731032,10
1.732032,9
1.733028,9
1.734032,9
1.735028,9
1.736028,9
1.737028,10
1.738032,10
1.739032,10
1.740032,11
1.741032,10
1.742032,10
1.743032,10
1.744032,1
1.745032,2
1.746032,3
1.747028,6
1.748032,8
1.749032,10
1.750032,12
1.751032,13
1.752036,13
1.753032,12
1.754032,11
1.755036,10
1.756032,8
1.757036,7
1.758032,7
1.759032,8
1.760032,8
1.761032,9
1.765032,12
1.766044,11
1.767032,10
1.768032,9
1.769032,8
1.770036,8
1.771032,8
1.772036,8
1.773036,9
1.774036,10
1.775040,11
1.776036,11
1.777036,11
1.778036,11
1.779036,11
1.780036,10
1.781036,9
1.782036,8
1.783036,8
1.784036,8
1.785040,9
1.786040,9
1.787040,10
1.788036,11
1.789040,11
1.790036,11
1.791040,11
1.792036,10
1.793040,9
1.794036,9
1.795040,8
1.796040,8
1.797040,8
1.798036,9
1.799044,10
1.800040,10
1.801040,11
1.802040,11
1.803040,11
1.804040,11
1.805040,10
1.813040,11
1.814040,11
1.815040,11
1.816044,11
1.817044,10
1.818044,9
1.819044,9
1.820044,9
1.821044,8
1.822040,9
1.823044,9
1.824044,10
1.825044,10
1.826044,11
1.827044,11
1.828044,11
1.829044,10
1.830048,10
1.831044,9
1.832044,9
1.833048,9
1.834048,9
1.835044,9
1.836048,9
1.837044,10
1.838044,10
1.839048,11
1.840044,11
1.841044,11
1.842048,10
1.843048,10
1.844044,9
1.845044,9
1.846048,9
1.847048,9
1.848044,9
1.849048,10
1.850048,10
1.851048,11
1.852052,11
1.853044,11
1.857048,9
1.858048,9
1.859048,9
1.860048,9
1.861048,9
1.862048,10
1.863052,10
1.864052,11
1.865052,11
1.866052,11
1.867048,10
1.868048,10
1.869048,9
1.870048,9
1.871048,9
1.872052,9
1.873052,9
1.874052,9
1.875052,10
1.876052,10
1.877048,11
1.878052,11
1.879052,10
1.880052,10
1.881052,9
1.882052,9
1.883052,9
1.884052,9
1.885052,9
1.886056,9
1.887056,10
1.888056,10
1.889056,11
1.890052,11
1.891052,11
1.892052,10
1.893052,10
1.894056,9
1.895060,9
1.896056,9
1.897056,9
1.901056,10
1.902052,11
1.903056,11
1.904056,10
1.905056,10
1.906056,9
1.907056,9
1.908056,9
1.909052,9
1.910060,9
1.911060,9
1.912056,10
1.913052,10
1.914056,10
1.915056,11
1.916060,10
1.917056,10
1.918056,10
1.919056,9
1.920056,9
1.921060,9
1.922056,9
1.923060,9
1.924056,9
1.925060,10
1.926056,10
1.927060,10
1.928060,11
1.929060,10
1.930056,10
1.931060,10
1.932060,9
1.933060,9
1.934060,9
1.935056,9
1.936060,9
1.937060,10
1.938068,10
1.939060,10
1.940056,11
1.941064,10
1.945060,2
1.946060,3
1.947060,6
1.948060,8
1.949060,10
1.950060,12
1.951060,13
1.952060,13
1.953060,12
1.954064,11
1.955060,10
1.956060,8
1.957064,7
1.958060,7
1.959060,8
1.960064,8
1.961064,9
1.962064,11
1.963060,12
1.964060,12
1.965064,12
1.966064,11
1.967064,10
1.968064,9
1.969064,8
1.970064,8
1.971064,8
1.972064,8
1.973068,9
1.974068,10
1.975068,11
1.976068,11
1.977064,11
1.978068,11
1.979064,11
1.980068,10
1.981072,9
1.982064,8
1.983068,8
1.984068,8
1.988064,11
1.989064,11
1.990068,11
1.991068,11
1.992064,10
1.993068,9
1.994068,9
1.995064,8
1.996068,8
1.997068,8
1.998068,9
1.999068,10
2.000068,10
2.001072,11
2.002068,11
2.003068,11
2.004072,11
2.005068,10
2.006072,9
2.007072,9
2.008072,8
2.009072,8
2.010068,9
2.011068,9
2.012068,10
2.013068,11
2.014072,11
2.015072,11
2.016072,11
2.017072,10
2.018072,9
2.019072,9
2.020072,9
2.021072,8
2.022072,9
2.023076,9
2.024076,10
2.025072,10
2.026072,11
2.027072,11
2.028072,11
2.032072,9
2.033072,9
2.034072,9
2.035072,9
2.036072,9
2.037076,10
2.038076,10
2.039076,11
2.040076,11
2.041076,11
2.042072,10
2.043072,10
2.044072,9
2.045076,9
2.046076,9
2.047076,9
2.048076,9
2.049076,10
2.050076,10
2.051072,11
2.052072,11
2.053076,11
2.054076,10
2.055076,10
2.056076,9
2.057076,9
2.058076,9
2.059076,9
2.060076,9
2.061080,9
2.062080,10
2.063076,10
2.064080,11
2.065076,11
2.066084,11
2.067084,10
2.068076,10
2.069080,9
2.070076,9
2.071080,9
2.072080,9
2.076080,10
2.077080,11
2.078084,11
2.079080,10
2.080080,10
2.081080,9
2.082080,9
2.083084,9
2.084080,9
2.085080,9
2.086084,9
2.087084,10
2.088080,10
2.089080,11
2.090080,11
2.091080,11
2.092084,10
2.093084,10
2.094084,9
2.095084,9
2.096084,9
2.097080,9
2.098084,9
2.099084,9
2.100080,10
2.101084,10
2.102084,11
2.103084,11
2.104084,10
2.105084,10
2.106084,9
2.107084,9
2.108084,9
2.109092,9
2.110088,9
2.111084,9
2.112084,10
2.113088,10
2.114084,10
2.115088,11
2.116088,10
2.120084,9
2.121084,9
2.122084,9
2.123084,9
2.124088,9
2.125088,10
2.126088,10
2.127088,10
2.128088,11
2.129088,10
2.130088,10
2.131088,10
2.132084,9
2.133088,9
2.134088,9
2.135088,9
2.136088,9
2.137088,10
2.138088,10
2.139088,10
2.140092,11
2.141092,10
2.142088,10
2.143088,10
2.144088,1
2.145088,2
2.146088,3
2.147092,6
2.148088,8
2.149092,10
2.150088,12
2.151092,13
2.152096,13
2.153100,12
2.154092,11
2.155088,10
2.156092,8
2.157092,7
2.158092,7
2.159092,8
2.160092,8
2.164092,12
2.165092,12
2.166092,11
2.167092,10
2.168092,9
2.169092,8
2.170096,8
2.171092,8
2.172092,8
2.173096,9
2.174096,10
2.175092,11
2.176092,11
2.177092,11
2.178096,11
2.179092,11
2.180096,10
2.181096,9
2.182096,8
2.183092,8
2.184096,8
2.185096,9
2.186096,9
2.187096,10
2.188092,11
2.189096,11
2.190096,11
2.191096,11
2.192100,10
2.193096,9
2.194096,9
2.195104,8
2.196104,8
2.197096,8
2.198096,9
2.199096,10
2.200096,10
2.201100,11
2.202096,11
2.203100,11
2.204096,11
2.208100,8
2.209100,8
2.210100,9
2.211100,9
2.212100,10
2.213100,11
2.214104,11
2.215100,11
2.216096,11
2.217100,10
2.218096,9
2.219100,9
2.220100,9
2.221100,8
2.222100,9
2.223100,9
2.224104,10
2.225104,10
2.226104,11
2.227104,11
2.228104,11
2.229100,10
2.230100,10
2.231104,9
2.232100,9
2.233104,9
2.234100,9
2.235104,9
2.236104,9
2.237104,10
2.238112,10
2.239100,11
2.240104,11
2.241100,11
2.242104,10
2.243104,10
2.244104,9
2.245104,9
2.246104,9
2.247104,9
2.248104,9
2.252108,11
2.253104,11
2.254104,10
2.255104,10
2.256108,9
2.257104,9
2.258108,9
2.259108,9
2.260108,9
2.261108,9
2.262104,10
2.263104,10
2.264108,11
2.265104,11
2.266108,11
2.267108,10
2.268108,10
2.269108,9
2.270108,9
2.271104,9
2.272104,9
2.273108,9
2.274108,9
2.275108,10
2.276108,10
2.277108,11
2.278108,11
2.279112,10
2.280108,10
2.281116,9
2.282108,9
2.283112,9
2.284108,9
2.285112,9
2.286108,9
2.287108,10
2.288112,10
2.289112,11
2.290108,11
2.291112,11
2.295108,9
2.296108,9
2.297108,9
2.298112,9
2.299112,9
2.300112,10
2.301112,10
2.302112,11
2.303112,11
2.304112,10
2.305112,10
2.306112,9
2.307116,9
2.308112,9
2.309112,9
2.310112,9
2.311112,9
2.312116,10
2.313116,10
2.314116,10
2.315116,11
2.316112,10
2.317112,10
2.318112,10
2.319116,9
2.320112,9
2.321116,9
2.322116,9
2.323116,9
2.324120,9
2.325116,10
2.326116,10
2.327116,10
2.328116,11
2.329120,10
2.330116,10
2.331116,10
2.332116,9
2.333116,9
2.334116,9
2.335120,9
2.339116,10
2.340116,11
2.341116,10
2.342116,10
2.343120,10
2.344120,1
2.345120,2
2.346120,3
2.347120,6
2.348120,8
2.349120,10
2.350120,12
2.351120,13
2.352120,13
2.353120,12
2.354120,11
2.355120,10
2.356120,8
2.357124,7
2.358120,7
2.359120,8
2.360124,8
2.361124,9
2.362120,11
2.363120,12
2.364120,12
2.365120,12
2.366124,11
2.367128,10
2.368124,9
2.369124,8
2.370124,8
2.371124,8
2.372120,8
2.373120,9
2.374120,10
2.375124,11
2.376124,11
2.377124,11
2.378124,11
2.379124,11
2.383124,8
2.384124,8
2.385128,9
2.386124,9
2.387124,10
2.388124,11
2.389124,11
2.390128,11
2.391128,11
2.392128,10
2.393128,9
2.394124,9
2.395124,8
2.396128,8
2.397124,8
2.398128,9
2.399124,10
2.400128,10
2.401128,11
2.402128,11
2.403124,11
2.404124,11
2.405124,10
2.406128,9
2.407124,9
2.408128,8
2.409124,8
2.410132,9
2.411124,9
2.412128,10
2.413128,11
2.414128,11
2.415128,11
2.416132,11
2.417128,10
2.418128,9
2.419128,9
2.420128,9
2.421128,8
2.422132,9
2.423128,9
2.427132,11
2.428128,11
2.429132,10
2.430128,10
2.431132,9
2.432132,9
2.433132,9
2.434132,9
2.435132,9
2.436136,9
2.437132,10
2.438132,10
2.439132,11
2.440136,11
2.441132,11
2.442132,10
2.443132,10
2.444136,9
2.445132,9
2.446132,9
2.447132,9
2.448132,9
2.449136,10
2.450132,10
2.451132,11
2.452132,11
2.453140,11
2.454136,10
2.455136,10
2.456136,9
2.457136,9
2.458136,9
2.459132,9
2.460132,9
2.461132,9
2.462136,10
2.463132,10
2.464136,11
2.465136,11
2.466136,11
2.467132,10
2.471136,9
2.472140,9
2.473136,9
2.474136,9
2.475136,10
2.476136,10
2.477140,11
2.478140,11
2.479140,10
2.480136,10
2.481140,9
2.482136,9
2.483136,9
2.484136,9
2.485140,9
2.486136,9
2.487140,10
2.488140,10
2.489140,11
2.490136,11
2.491140,11
2.492140,10
2.493136,10
2.494140,9
2.495140,9
2.496148,9
2.497140,9
2.498144,9
2.499140,9
2.500140,10
2.501140,10
2.502140,11
2.503144,11
2.504140,10
2.505140,10
2.506140,9
2.507140,9
2.508144,9
2.509140,9
2.510144,9
2.511144,9
2.515140,11
2.516140,10
2.517144,10
2.518144,10
2.519144,9
2.520144,9
2.521144,9
2.522144,9
2.523148,9
2.524144,9
2.525144,10
2.526148,10
2.527144,10
2.528144,11
2.529144,10
2.530144,10
2.531144,10
2.532148,9
2.533148,9
2.534148,9
2.535148,9
2.536148,9
2.537144,10
2.538144,10
2.539152,10
2.540144,11
2.541148,10
2.542148,10
2.543148,10
2.544148,1
2.545148,2
2.546144,3
2.547144,6
2.548148,8
2.549148,10
2.550148,12
2.551148,13
2.552148,13
2.553148,12
2.554152,11
2.555148,10
2.559152,8
2.560148,8
2.561152,9
2.562148,11
2.563152,12
2.564152,12
2.565152,12
2.566152,11
2.567152,10
2.568152,9
2.569148,8
2.570152,8
2.571152,8
2.572148,8
2.573152,9
2.574148,10
2.575152,11
2.576152,11
2.577148,11
2.578156,11
2.579156,11
2.580156,10
2.581156,9
2.582156,8
2.583152,8
2.584152,8
2.585152,9
2.586152,9
2.587156,10
2.588156,11
2.589156,11
2.590156,11
2.591156,11
2.592152,10
2.593152,9
2.594152,9
2.595156,8
2.596152,8
2.597156,8
2.598156,9
2.599156,10
2.603156,11
2.604156,11
2.605156,10
2.606152,9
2.607156,9
2.608156,8
2.609160,8
2.610156,9
2.611156,9
2.612156,10
2.613156,11
2.614156,11
2.615160,11
2.616160,11
2.617156,10
2.618156,9
2.619160,9
2.620160,9
2.621160,8
2.622160,9
2.623156,9
2.624160,10
2.625164,10
2.626156,11
2.627160,11
2.628156,11
2.629160,10
2.630160,10
2.631164,9
2.632160,9
2.633164,9
2.634160,9
2.635160,9
2.636160,9
2.637164,10
2.638160,10
2.639160,11
2.640160,11
2.641164,11
2.642164,10
2.646160,9
2.647160,9
2.648160,9
2.649160,10
2.650164,10
2.651164,11
2.652160,11
2.653160,11
2.654164,10
2.655164,10
2.656164,9
2.657164,9
2.658160,9
2.659164,9
2.660160,9
2.661164,9
2.662164,10
2.663164,10
2.664168,11
2.665164,11
2.666164,11
2.667172,10
2.668168,10
2.669164,9
2.670164,9
2.671168,9
2.672164,9
2.673168,9
2.674164,9
2.675168,10
2.676168,10
2.677168,11
2.678168,11
2.679164,10
2.680164,10
2.681168,9
2.682168,9
2.683168,9
2.684168,9
2.685168,9
2.686168,9
2.690168,11
2.691172,11
2.692168,10
2.693168,10
2.694168,9
2.695168,9
2.696168,9
2.697168,9
2.698172,9
2.699172,9
2.700172,10
2.701172,10
2.702168,11
2.703168,11
2.704172,10
2.705168,10
2.706172,9
2.707168,9
2.708172,9
2.709172,9
2.710180,9
2.711180,9
2.712172,10
2.713176,10
2.714168,10
2.715172,11
2.716172,10
2.717172,10
2.718172,10
2.719172,9
2.720176,9
2.721176,9
2.722176,9
2.723176,9
2.724176,9
2.725172,10
2.726172,10
2.727172,10
2.728176,11
2.729172,10
2.730176,10
2.734172,9
2.735172,9
2.736172,9
2.737176,10
2.738172,10
2.739176,10
2.740176,11
2.741176,10
2.742180,10
2.743176,10
2.744176,1
2.745176,2
2.746176,3
2.747180,6
2.748176,8
2.749176,10
2.750176,12
2.751176,13
2.752180,13
2.753184,12
2.754176,11
2.755180,10
2.756176,8
2.757180,7
2.758176,7
2.759176,8
2.760180,8
2.761180,9
2.762180,11
2.763180,12
2.764180,12
2.765180,12
2.766176,11
2.767176,10
2.768180,9
2.769184,8
2.770176,8
2.771180,8
2.772180,8
2.773180,9
2.774180,10
2.778180,11
2.779180,11
2.780184,10
2.781180,9
2.782180,8
2.783184,8
2.784180,8
2.785184,9
2.786184,9
2.787184,10
2.788184,11
2.789180,11
2.790180,11
2.791184,11
2.792180,10
2.793184,9
2.794180,9
2.795184,8
2.796192,8
2.797184,8
2.798188,9
2.799184,10
2.800184,10
2.801188,11
2.802184,11
2.803184,11
2.804184,11
2.805184,10
2.806184,9
2.807188,9
2.808184,8
2.809188,8
2.810188,9
2.811184,9
2.812188,10
2.813184,11
2.814188,11
2.815184,11
2.816188,11
2.817188,10
2.818188,9
2.832188,9
2.833188,9
2.834192,9
2.835188,9
2.836188,9
2.837188,10
2.838188,10
2.839196,11
2.840188,11
2.841192,11
2.842192,10
2.843188,10
2.844188,9
2.845188,9
2.846188,9
2.847192,9
2.848188,9
2.849192,10
2.850192,10
2.851192,11
2.852192,11
2.853192,11
2.854192,10
2.855192,10
2.856192,9
2.857192,9
2.858192,9
2.859192,9
2.860192,9
2.861192,9
2.862196,10
2.863196,10
2.864196,11
2.865192,11
2.866196,11
2.867192,10
2.868192,10
2.869196,9
2.870192,9
2.871196,9
2.872192,9
2.876196,10
2.877192,11
2.878192,11
2.879196,10
2.880192,10
2.881196,9
2.882200,9
2.883196,9
2.884200,9
2.885196,9
2.886200,9
2.887196,10
2.888200,10
2.889200,11
2.890196,11
2.891196,11
2.892200,10
2.893200,10
2.894200,9
2.895196,9
2.896200,9
2.897196,9
2.898200,9
2.899196,9
2.900200,10
2.901200,10
2.902200,11
2.903200,11
2.904200,10
2.905200,10
2.906204,9
2.907200,9
2.908200,9
2.909200,9
2.910196,9
2.911200,9
2.912204,10
2.913200,10
2.914200,10
2.915200,11
2.916200,10
2.920200,9
2.921200,9
2.922200,9
2.923200,9
2.924204,9
2.925212,10
2.926204,10
2.927204,10
2.928204,11
2.929204,10
2.930200,10
2.931204,10
2.932204,9
2.933204,9
2.934204,9
2.935204,9
2.936200,9
2.937204,10
2.938208,10
2.939204,10
2.940208,11
2.941208,10
2.942208,10
2.943204,10
2.944208,1
2.945204,2
2.946204,3
2.947204,6
2.948204,8
2.949208,10
2.950204,12
2.951204,13
2.952208,13
2.953208,12
2.954204,11
2.955204,10
2.956208,8
2.957204,7
2.958204,7
2.959208,8
2.963208,12
2.964204,12
2.965208,12
2.966208,11
2.967208,10
2.968212,9
2.969208,8
2.970208,8
2.971212,8
2.972208,8
2.973212,9
2.974212,10
2.975212,11
2.976208,11
2.977208,11
2.978208,11
2.979208,11
2.980212,10
2.981208,9
2.982212,8
2.983212,8
2.984212,8
2.985212,9
2.986208,9
2.987208,10
2.988208,11
2.989212,11
2.990208,11
2.991212,11
2.992212,10
2.993212,9
2.994216,9
2.995212,8
2.996216,8
2.997216,8
2.998216,9
2.999216,10
3.000212,10
3.001212,11
3.002212,11
3.003216,11
3.007212,9
3.008212,8
3.009216,8
3.010212,9
3.011220,9
3.012216,10
3.013216,11
3.014216,11
3.015216,11
3.016216,11
3.017216,10
3.018216,9
3.019216,9
3.020212,9
3.021216,8
3.022216,9
3.023220,9
3.024216,10
3.025216,10
3.026220,11
3.027216,11
3.028216,11
3.029220,10
3.030220,10
3.031216,9
3.032216,9
3.033216,9
3.034216,9
3.035216,9
3.036220,9
3.037220,10
3.038220,10
3.039220,11
3.040216,11
3.041216,11
3.042216,10
3.043220,10
3.044216,9
3.045220,9
3.046220,9
3.047220,9
3.051220,11
3.052220,11
3.053224,11
3.054228,10
3.055224,10
3.056220,9
3.057220,9
3.058220,9
3.059224,9
3.060224,9
3.061224,9
3.062224,10
3.063220,10
3.064220,11
3.065220,11
3.066224,11
3.067220,10
3.068224,10
3.069224,9
3.070224,9
3.071224,9
3.072224,9
3.073224,9
3.074224,9
3.075224,10
3.076228,10
3.077224,11
3.078224,11
3.079224,10
3.080224,10
3.081224,9
3.082228,9
3.083224,9
3.084224,9
3.085228,9
3.086228,9
3.087224,10
3.088224,10
3.089224,11
3.090228,11
3.091224,11
3.095224,9
3.096228,9
3.097232,9
3.098224,9
3.099224,9
3.100228,10
3.101228,10
3.102228,11
3.103228,11
3.104232,10
3.105228,10
3.106228,9
3.107232,9
3.108232,9
3.109228,9
3.110232,9
3.111228,9
3.112228,10
3.113232,10
3.114228,10
3.115228,11
3.116232,10
3.117232,10
3.118228,10
3.119232,9
3.120232,9
3.121232,9
3.122232,9
3.123232,9
3.124228,9
3.125232,10
3.126232,10
3.127232,10
3.128232,11
3.129228,10
3.130232,10
3.131236,10
3.132232,9
3.133232,9
3.134232,9
3.135232,9
3.139236,10
3.140240,11
3.141236,10
3.142232,10
3.143232,10
3.144232,1
3.145236,2
3.146232,3
3.147236,6
3.148236,8
3.149236,10
3.150236,12
3.151232,13
3.152232,13
3.153236,12
3.154232,11
3.155236,10
3.156236,8
3.157236,7
3.158236,7
3.159236,8
3.160236,8
3.161236,9
3.162240,11
3.163240,12
3.164236,12
3.165236,12
3.166236,11
3.167236,10
3.168240,9
3.169236,8
3.170240,8
3.171240,8
3.172240,8
3.173236,9
3.174240,10
3.175240,11
3.176236,11
3.177240,11
3.178236,11
3.179240,11
3.183248,8
3.184236,8
3.185236,9
3.186240,9
3.187240,10
3.188240,11
3.189240,11
3.190240,11
3.191244,11
3.192240,10
3.193240,9
3.194244,9
3.195244,8
3.196240,8
3.197240,8
3.198240,9
3.199240,10
3.200244,10
3.201240,11
3.202244,11
3.203244,11
3.204240,11
3.205244,10
3.206244,9
3.207244,9
3.208244,8
3.209244,8
3.210244,9
3.211244,9
3.212244,10
3.213244,11
3.214248,11
3.215244,11
3.216244,11
3.217244,10
3.218244,9
3.219244,9
3.220244,9
3.221248,8
3.222244,9
3.223248,9
3.227248,11
3.228244,11
3.229244,10
3.230244,10
3.231244,9
3.232248,9
3.233244,9
3.234248,9
3.235248,9
3.236248,9
3.237248,10
3.238244,10
3.239244,11
3.240248,11
3.241252,11
3.242248,10
3.243248,10
3.244248,9
3.245248,9
3.246248,9
3.247248,9
3.248248,9
3.249248,10
3.250248,10
3.251252,11
3.252248,11
3.253248,11
3.254248,10
3.255252,10
3.256252,9
3.257248,9
3.258252,9
3.259252,9
3.260248,9
3.261252,9
3.262248,10
3.263252,10
3.264248,11
3.265252,11
3.266252,11
3.270252,9
3.271252,9
3.272252,9
3.273252,9
3.274252,9
3.275252,10
3.276252,10
3.277252,11
3.278252,11
3.279256,10
3.280256,10
3.281256,9
3.282256,9
3.283252,9
3.284256,9
3.285252,9
3.286252,9
3.287256,10
3.288252,10
3.289256,11
3.290256,11
3.291256,11
3.292252,10
3.293256,10
3.294256,9
3.295256,9
3.296256,9
3.297256,9
3.298252,9
3.299256,9
3.300256,10
3.301256,10
3.302256,11
3.303256,11
3.304256,10
3.305260,10
3.306256,9
3.307256,9
3.308256,9
3.309256,9
3.310256,9
3.314256,10
3.315256,11
3.316260,10
3.317260,10
3.318256,10
3.319256,9
3.320260,9
3.321260,9
3.322260,9
3.323260,9
3.324260,9
3.325260,10
3.326264,10
3.327264,10
3.328260,11
3.329264,10
3.330260,10
3.331260,10
3.332260,9
3.333260,9
3.334260,9
3.335264,9
3.336264,9
3.337264,10
3.338260,10
3.339260,10
3.340260,11
3.341260,10
3.342264,10
3.343264,10
3.344264,1
3.345260,2
3.346260,3
3.347264,6
3.348264,8
3.349264,10
3.350264,12
3.351264,13
3.352264,13
3.353264,12
3.354268,11
3.358264,7
3.359268,8
3.360268,8
3.361268,9
3.362264,11
3.363264,12
3.364264,12
3.365268,12
3.366264,11
3.367268,10
3.368268,9
3.369268,8
3.370268,8
3.371264,8
3.372264,8
3.373264,9
3.374268,10
3.375264,11
3.376268,11
3.377268,11
3.378268,11
3.379272,11
3.380268,10
3.381268,9
3.382268,8
3.383268,8
3.384272,8
3.385268,9
3.386268,9
3.387268,10
3.388268,11
3.389272,11
3.390268,11
3.391268,11
3.392272,10
3.393268,9
3.394272,9
3.395268,8
3.396268,8
3.397276,8
3.398268,9
3.402272,11
3.403268,11
3.404268,11
3.405272,10
3.406272,9
3.407272,9
3.408272,8
3.409272,8
3.410272,9
3.411272,9
3.412276,10
3.413276,11
3.414276,11
3.415276,11
3.416272,11
3.417272,10
3.418272,9
3.419272,9
3.420272,9
3.421276,8
3.422276,9
3.423272,9
3.424272,10
3.425276,10
3.426272,11
3.427272,11
3.428276,11
3.429276,10
3.430276,10
3.431276,9
3.432276,9
3.433276,9
3.434276,9
3.435272,9
3.436272,9
3.437276,10
3.438276,10
3.439276,11
3.440280,11
3.441280,11
3.442276,10
3.446276,9
3.447280,9
3.448280,9
3.449276,10
3.450276,10
3.451276,11
3.452280,11
3.453276,11
3.454280,10
3.455280,10
3.456276,9
3.457280,9
3.458276,9
3.459276,9
3.460276,9
3.461280,9
3.462284,10
3.463280,10
3.464280,11
3.465280,11
3.466284,11
3.467280,10
3.468280,10
3.469284,9
3.470284,9
3.471284,9
3.472280,9
3.473280,9
3.474280,9
3.475284,10
3.476280,10
3.477284,11
3.478284,11
3.479280,10
3.480284,10
3.481280,9
3.482280,9
3.483288,9
3.484280,9
3.485284,9
3.486280,9
3.490280,11
3.491284,11
3.492284,10
3.493284,10
3.494284,9
3.495284,9
3.496288,9
3.497284,9
3.498284,9
3.499288,9
3.500284,10
3.501284,10
3.502288,11
3.503288,11
3.504284,10
3.505284,10
3.506288,9
3.507284,9
3.508284,9
3.509288,9
3.510288,9
3.511288,9
3.512288,10
3.513284,10
3.514284,10
3.515288,11
3.516292,10
3.517288,10
3.518284,10
3.519288,9
3.520288,9
3.521288,9
3.522288,9
3.523288,9
3.524292,9
3.525288,10
3.526296,10
3.527288,10
3.528288,11
3.529288,10
3.530292,10
3.534288,9
3.535292,9
3.536288,9
3.537288,10
3.538288,10
3.539292,10
3.540288,11
3.541292,10
3.542292,10
3.543292,10
3.544288,1
3.545292,2
3.546292,3
3.547292,6
3.548292,8
3.549292,10
3.550296,12
3.551292,13
3.552292,13
3.553296,12
3.554292,11
3.555296,10
3.556296,8
3.557296,7
3.558292,7
3.559296,8
3.560292,8
3.561292,9
3.562292,11
3.563296,12
3.564296,12
3.565296,12
3.566296,11
3.567296,10
3.568292,9
3.569304,8
3.570296,8
3.571296,8
3.572296,8
3.573296,9
3.574296,10
3.578300,11
3.579296,11
3.580300,10
3.581296,9
3.582300,8
3.583296,8
3.584296,8
3.585300,9
3.586300,9
3.587300,10
3.588300,11
3.589296,11
3.590300,11
3.591296,11
3.592296,10
3.593296,9
3.594300,9
3.595296,8
3.596300,8
3.597300,8
3.598300,9
3.599304,10
3.600300,10
3.601300,11
3.602304,11
3.603296,11
3.604300,11
3.605300,10
3.606300,9
3.607304,9
3.608300,8
3.609300,8
3.610304,9
3.611304,9
3.612308,10
3.613300,11
3.614300,11
3.615300,11
3.616304,11
3.617300,10
3.621300,8
3.622300,9
3.623304,9
3.624304,10
3.625304,10
3.626300,11
3.627304,11
3.628304,11
3.629304,10
3.630304,10
3.631304,9
3.632304,9
3.633304,9
3.634304,9
3.635304,9
3.636304,9
3.637304,10
3.638304,10
3.639304,11
3.640308,11
3.641304,11
3.642308,10
3.643304,10
3.644308,9
3.645308,9
3.646304,9
3.647304,9
3.648304,9
3.649304,10
3.650308,10
3.651308,11
3.652308,11
3.653308,11
3.654312,10
3.655316,10
3.656312,9
3.657312,9
3.658312,9
3.659308,9
3.660312,9
3.661308,9
3.665312,11
3.666312,11
3.667312,10
3.668308,10
3.669312,9
3.670308,9
3.671308,9
3.672312,9
3.673308,9
3.674312,9
3.675312,10
3.676312,10
3.677312,11
3.678312,11
3.679312,10
3.680312,10
3.681308,9
3.682312,9
3.683312,9
3.684308,9
3.685312,9
3.686312,9
3.687312,10
3.688312,10
3.689312,11
3.690316,11
3.691312,11
3.692316,10
3.693312,10
3.694312,9
3.695316,9
3.696312,9
3.697316,9
3.698320,9
3.699312,9
3.700316,10
3.701312,10
3.702312,11
3.703316,11
3.704312,10
3.705316,10
3.709316,9
3.710312,9
3.711312,9
3.712316,10
3.713316,10
3.714316,10
3.715316,11
3.716316,10
3.717320,10
3.718316,10
3.719320,9
3.720320,9
3.721320,9
3.722316,9
3.723320,9
3.724316,9
3.725320,10
3.726320,10
3.727316,10
3.728320,11
3.729320,10
3.730320,10
3.731320,10
3.732316,9
3.733316,9
3.734316,9
3.735316,9
3.736320,9
3.737324,10
3.738320,10
3.739320,10
3.740320,11
3.741328,10
3.742320,10
3.743320,10
3.744320,1
3.745320,2
3.746324,3
3.747324,6
3.748320,8
3.749320,10
3.753320,12
3.754320,11
3.755324,10
3.756320,8
3.757324,7
3.758324,7
3.759324,8
3.760320,8
3.761324,9
3.762324,11
3.763324,12
3.764320,12
3.765320,12
3.766320,11
3.767324,10
3.768320,9
3.769324,8
3.770324,8
3.771324,8
3.772324,8
3.773324,9
3.774324,10
3.775328,11
3.776328,11
3.777324,11
3.778328,11
3.779324,11
3.780324,10
3.781324,9
3.782324,8
3.783328,8
3.784332,8
3.785328,9
3.786328,9
3.787328,10
3.788324,11
3.789324,11
3.790324,11
3.791328,11
3.792324,10
3.793328,9
3.797328,8
3.798332,9
3.799332,10
3.800328,10
3.801332,11
3.802328,11
3.803328,11
3.804328,11
3.805332,10
3.806328,9
3.807332,9
3.808332,8
3.809332,8
3.810328,9
3.811332,9
3.812328,10
3.813328,11
3.814332,11
3.815332,11
3.816332,11
3.817332,10
3.818332,9
3.819332,9
3.820332,9
3.821332,8
3.822332,9
3.823332,9
3.824332,10
3.825332,10
3.826336,11
3.827340,11
3.828336,11
3.829332,10
3.830332,10
3.831332,9
3.832332,9
3.833336,9
3.834332,9
3.835332,9
3.836332,9
3.837332,10
3.841336,11
3.842332,10
3.843332,10
3.844332,9
3.845336,9
3.846336,9
3.847336,9
3.848336,9
3.849336,10
3.850336,10
3.851336,11
3.852340,11
3.853340,11
3.854336,10
3.855336,10
3.856336,9
3.857336,9
3.858336,9
3.859336,9
3.860336,9
3.861340,9
3.862336,10
3.863340,10
3.864336,11
3.865340,11
3.866340,11
3.867336,10
3.868336,10
3.869344,9
3.870340,9
3.871336,9
3.872340,9
3.873340,9
3.874336,9
3.875344,10
3.876340,10
3.877340,11
3.878340,11
3.879344,10
3.880340,10
3.884340,9
3.885340,9
3.886344,9
3.887340,10
3.888344,10
3.889340,11
3.890340,11
3.891340,11
3.892344,10
3.893340,10
3.894344,9
3.895344,9
3.896344,9
3.897344,9
3.898340,9
3.899340,9
3.900344,10
3.901340,10
3.902344,11
3.903344,11
3.904344,10
3.905344,10
3.906344,9
3.907340,9
3.908348,9
3.909348,9
3.910348,9
3.911348,9
3.912348,10
3.913344,10
3.914348,10
3.915344,11
3.916348,10
3.917348,10
3.918348,10
3.919348,9
3.920348,9
3.921344,9
3.922344,9
3.923344,9
3.924344,9
3.928348,11
3.929344,10
3.930344,10
3.931344,10
3.932348,9
3.933348,9
3.934348,9
3.935348,9
3.936348,9
3.937348,10
3.938348,10
3.939348,10
3.940348,11
3.941348,10
3.942348,10
3.943348,10
3.944352,1
3.945348,2
3.946348,3
3.947348,6
3.948352,8
3.949348,10
3.950352,12
3.951348,13
3.952352,13
3.953348,12
3.954348,11
3.955356,10
3.956348,8
3.957352,7
3.958352,7
3.959348,8
3.960352,8
3.961352,9
3.962352,11
3.963352,12
3.964352,12
3.965356,12
3.966352,11
3.967356,10
3.968352,9
3.972352,8
3.973352,9
3.974356,10
3.975356,11
3.976352,11
3.977352,11
3.978352,11
3.979356,11
3.980352,10
3.981356,9
3.982356,8
3.983356,8
3.984356,8
3.985356,9
3.986356,9
3.987356,10
3.988356,11
3.989352,11
3.990356,11
3.991356,11
3.992356,10
3.993360,9
3.994356,9
3.995360,8
3.996360,8
3.997360,8
3.998364,9
3.999360,10
4.000356,10
4.001360,11
4.002360,11
4.003356,11
4.004360,11
4.005356,10
4.006360,9
4.007360,9
4.008360,8
4.009356,8
4.010360,9
4.011360,9
4.012360,10
4.016356,11
4.017360,10
4.018356,9
4.019364,9
4.020360,9
4.021360,8
4.022360,9
4.023364,9
4.024360,10
4.025360,10
4.026360,11
4.027360,11
4.028364,11
4.029364,10
4.030364,10
4.031364,9
4.032360,9
4.033364,9
4.034360,9
4.035364,9
4.036360,9
4.037364,10
4.038364,10
4.039364,11
4.040364,11
4.041368,11
4.042364,10
4.043364,10
4.044364,9
4.045364,9
4.046364,9
4.047364,9
4.048364,9
4.049364,10
4.050364,10
4.051368,11
4.052364,11
4.053364,11
4.054368,10
4.055364,10
4.056368,9
4.060364,9
4.061368,9
4.062368,10
4.063368,10
4.064368,11
4.065364,11
4.066364,11
4.067368,10
4.068368,10
4.069368,9
4.070368,9
4.071368,9
4.072368,9
4.073368,9
4.074368,9
4.075372,10
4.076372,10
4.077372,11
4.078368,11
4.079372,10
4.080368,10
4.081368,9
4.082372,9
4.083368,9
4.084376,9
4.085372,9
4.086372,9
4.087372,10
4.088368,10
4.089368,11
4.090368,11
4.091372,11
4.092368,10
4.093372,10
4.094372,9
4.095372,9
4.096372,9
4.097368,9
4.098372,9
4.099372,9
4.100376,10
4.104372,10
4.105372,10
4.106376,9
4.107372,9
4.108372,9
4.109376,9
4.110376,9
4.111372,9
4.112372,10
4.113372,10
4.114376,10
4.115372,11
4.116376,10
4.117376,10
4.118376,10
4.119376,9
4.120372,9
4.121372,9
4.122372,9
4.123376,9
4.124372,9
4.125376,10
4.126376,10
4.127380,10
4.128372,11
4.129380,10
4.130376,10
4.131376,10
4.132376,9
4.133376,9
4.134376,9
4.135376,9
4.136376,9
4.137376,10
4.138380,10
4.139380,10
4.140380,11
4.141376,10
4.142380,10
4.143376,10
4.147376,6
4.148380,8
4.149380,10
4.150380,12
4.151380,13
4.152376,13
4.153384,12
4.154384,11
4.155376,10
4.156380,8
4.157380,7
4.158380,7
4.159380,8
4.160380,8
4.161380,9
4.162380,11
4.163384,12
4.164384,12
4.165384,12
4.166380,11
4.167380,10
4.168384,9
4.169380,8
4.170388,8
4.171380,8
4.172384,8
4.173384,9
4.174380,10
4.175380,11
4.176380,11
4.177380,11
4.178384,11
4.179380,11
4.180384,10
4.181384,9
4.182384,8
4.183384,8
4.184388,8
4.185384,9
4.186384,9
4.187384,10
4.191384,11
4.192388,10
4.193384,9
4.194388,9
4.195388,8
4.196388,8
4.197384,8
4.198388,9
4.199384,10
4.200384,10
4.201388,11
4.202388,11
4.203388,11
4.204388,11
4.205388,10
4.206388,9
4.207388,9
4.208388,8
4.209388,8
4.210388,9
4.211388,9
4.212388,10
4.213392,11
4.214392,11
4.215388,11
4.216388,11
4.217388,10
4.218388,9
4.219392,9
4.220392,9
4.221388,8
4.222388,9
4.223388,9
4.224392,10
4.225388,10
4.226392,11
4.227392,11
4.228388,11
4.229392,10
4.230388,10
4.231392,9
4.235392,9
4.236392,9
4.237392,10
4.238396,10
4.239392,11
4.240392,11
4.241396,11
4.242392,10
4.243396,10
4.244392,9
4.245392,9
4.246392,9
4.247392,9
4.248396,9
4.249396,10
4.250396,10
4.251396,11
4.252392,11
4.253392,11
4.254392,10
4.255392,10
4.256400,9
4.257396,9
4.258396,9
4.259396,9
4.260396,9
4.261396,9
4.262396,10
4.263396,10
4.264400,11
4.265396,11
4.266400,11
4.267396,10
4.268396,10
4.269396,9
4.270400,9
4.271396,9
4.272396,9
4.273396,9
4.274396,9
4.275400,10
4.279400,10
4.280400,10
4.281396,9
4.282400,9
4.283400,9
4.284396,9
4.285400,9
4.286400,9
4.287396,10
4.288400,10
4.289400,11
4.290400,11
4.291400,11
4.292400,10
4.293400,10
4.294404,9
4.295400,9
4.296400,9
4.297404,9
4.298400,9
4.299404,9
4.300400,10
4.301404,10
4.302404,11
4.303404,11
4.304404,10
4.305404,10
4.306400,9
4.307400,9
4.308404,9
4.309400,9
4.310404,9
4.311400,9
4.312404,10
4.313404,10
4.314404,10
4.315400,11
4.316404,10
4.317404,10
4.318404,10
4.319404,9
4.323404,9
4.324404,9
4.325408,10
4.326408,10
4.327408,10
4.328408,11
4.329404,10
4.330408,10
4.331404,10
4.332404,9
4.333404,9
4.334408,9
4.335404,9
4.336408,9
4.337408,10
4.338408,10
4.339404,10
4.340404,11
4.341412,10
4.342412,10
4.343408,10
4.344408,1
4.345408,2
4.346408,3
4.347408,6
4.348408,8
4.349408,10
4.350408,12
4.351412,13
4.352408,13
4.353412,12
4.354408,11
4.355408,10
4.356408,8
4.357412,7
4.358408,7
4.359412,8
4.360412,8
4.361408,9
4.362412,11
4.363408,12
4.367412,10
4.368412,9
4.369412,8
4.370412,8
4.371412,8
4.372408,8
4.373408,9
4.374408,10
4.375412,11
4.376412,11
4.377412,11
4.378412,11
4.379412,11
4.380412,10
4.381412,9
4.382412,8
4.383412,8
4.384420,8
4.385420,9
4.386412,9
4.387412,10
4.388412,11
4.389416,11
4.390412,11
4.391412,11
4.392416,10
4.393416,9
4.394412,9
4.395416,8
4.396412,8
4.397416,8
4.398416,9
4.399416,10
4.400416,10
4.401416,11
4.402420,11
4.403416,11
4.404416,11
4.405416,10
4.406416,9
4.410420,9
4.411416,9
4.412420,10
4.413420,11
4.414420,11
4.415420,11
4.416416,11
4.417420,10
4.418416,9
4.419416,9
4.420420,9
4.421416,8
4.422420,9
4.423420,9
4.424420,10
4.425420,10
4.426416,11
4.427424,11
4.428416,11
4.429420,10
4.430416,10
4.431420,9
4.432420,9
4.433420,9
4.434420,9
4.435424,9
4.436420,9
4.437420,10
4.438420,10
4.439424,11
4.440420,11
4.441420,11
4.442420,10
4.443420,10
4.444424,9
4.445424,9
4.446424,9
4.447420,9
4.448420,9
4.449424,10
4.450420,10
4.454424,10
4.455424,10
4.456424,9
4.457424,9
4.458424,9
4.459428,9
4.460424,9
4.461424,9
4.462420,10
4.463424,10
4.464424,11
4.465424,11
4.466428,11
4.467424,10
4.468428,10
4.469428,9
4.470432,9
4.471424,9
4.472428,9
4.473424,9
4.474424,9
4.475424,10
4.476428,10
4.477424,11
4.478428,11
4.479428,10
4.480428,10
4.481424,9
4.482424,9
4.483432,9
4.484432,9
4.485424,9
4.486428,9
4.487428,10
4.488428,10
4.489428,11
4.490428,11
4.491432,11
4.492432,10
4.493432,10
4.494428,9
4.498432,9
4.499428,9
4.500428,10
4.501432,10
4.502428,11
4.503432,11
4.504428,10
4.505428,10
4.506428,9
4.507428,9
4.508432,9
4.509428,9
4.510432,9
4.511432,9
4.512432,10
4.513440,10
4.514428,10
4.515432,11
4.516432,10
4.517432,10
4.518432,10
4.519432,9
4.520432,9
4.521432,9
4.522436,9
4.523432,9
4.524436,9
4.525436,10
4.526432,10
4.527436,10
4.528432,11
4.529432,10
4.530436,10
4.531432,10
4.532436,9
4.533436,9
4.534436,9
4.535436,9
4.536436,9
4.537432,10
4.538432,10
4.542436,10
4.543436,10
4.544436,1
4.545436,2
4.546436,3
4.547436,6
4.548436,8
4.549436,10
4.550436,12
4.551436,13
4.552436,13
4.553440,12
4.554436,11
4.555440,10
4.556444,8
4.557440,7
4.558436,7
4.559440,8
4.560436,8
4.561436,9
4.562436,11
4.563440,12
4.564440,12
4.565440,12
4.566440,11
4.567440,10
4.568444,9
4.569440,8
4.570440,8
4.571444,8
4.572436,8
4.573440,9
4.574440,10
4.575440,11
4.576440,11
4.577444,11
4.578444,11
4.579440,11
4.580440,10
4.581444,9
4.582440,8
4.586444,9
4.587440,10
4.588444,11
4.589444,11
4.590444,11
4.591440,11
4.592440,10
4.593440,9
4.594440,9
4.595444,8
4.596440,8
4.597444,8
4.598444,9
4.599452,10
4.600444,10
4.601444,11
4.602444,11
4.603444,11
4.604448,11
4.605444,10
4.606444,9
4.607444,9
4.608444,8
4.609444,8
4.610448,9
4.611448,9
4.612448,10
4.613448,11
4.614444,11
4.615448,11
4.616448,11
4.617444,10
4.618448,9
4.619444,9
4.620448,9
4.621448,8
4.622448,9
4.623448,9
4.624444,10
4.625448,10
4.626448,11
4.630448,10
4.631452,9
4.632448,9
4.633452,9
4.634448,9
4.635448,9
4.636452,9
4.637452,10
4.638448,10
4.639448,11
4.640448,11
4.641452,11
4.642456,10
4.643452,10
4.644452,9
4.645452,9
4.646452,9
4.647452,9
4.648452,9
4.649448,10
4.650452,10
4.651452,11
4.652452,11
4.653452,11
4.654452,10
4.655456,10
4.656452,9
4.657452,9
4.658452,9
4.659452,9
4.660456,9
4.661452,9
4.662452,10
4.663452,10
4.664456,11
4.665452,11
4.666456,11
4.667456,10
4.668456,10
4.669452,9
4.673456,9
4.674456,9
4.675452,10
4.676456,10
4.677460,11
4.678456,11
4.679452,10
4.680452,10
4.681456,9
4.682456,9
4.683456,9
4.684456,9
4.685460,9
4.686456,9
4.687460,10
4.688460,10
4.689460,11
4.690460,11
4.691456,11
4.692460,10
4.693456,10
4.694456,9
4.695456,9
4.696456,9
4.697460,9
4.698460,9
4.699460,9
4.700460,10
4.701460,10
4.702460,11
4.703456,11
4.704460,10
4.705456,10
4.706460,9
4.707460,9
4.708460,9
4.709460,9
4.710456,9
4.711464,9
4.712464,10
4.713464,10
4.717464,10
4.718460,10
4.719464,9
4.720460,9
4.721460,9
4.722464,9
4.723464,9
4.724464,9
4.725460,10
4.726460,10
4.727464,10
4.728468,11
4.729464,10
4.730464,10
4.731464,10
4.732464,9
4.733464,9
4.734460,9
4.735460,9
4.736464,9
4.737468,10
4.738464,10
4.739464,10
4.740464,11
4.741464,10
4.742464,10
4.743468,10
4.744468,1
4.745468,2
4.746468,3
4.747468,6
4.748464,8
4.749464,10
4.750464,12
4.751468,13
4.752468,13
4.753464,12
4.754468,11
4.755464,10
4.756468,8
4.757464,7
4.761468,9
4.762468,11
4.763468,12
4.764468,12
4.765468,12
4.766472,11
4.767472,10
4.768472,9
4.769472,8
4.770468,8
4.771476,8
4.772468,8
4.773468,9
4.774472,10
4.775472,11
4.776468,11
4.777468,11
4.778472,11
4.779472,11
4.780468,10
4.781468,9
4.782472,8
4.783472,8
4.784472,8
4.785472,9
4.786472,9
4.787472,10
4.788472,11
4.789472,11
4.790472,11
4.791472,11
4.792476,10
4.793472,9
4.794468,9
4.795472,8
4.796472,8
4.797472,8
4.798476,9
4.799476,10
4.800476,10
4.801476,11
4.805476,10
4.806472,9
4.807476,9
4.808476,8
4.809476,8
4.810476,9
4.811476,9
4.812472,10
4.813472,11
4.814480,11
4.815476,11
4.816476,11
4.817476,10
4.818476,9
4.819476,9
4.820476,9
4.821476,8
4.822476,9
4.823476,9
4.824476,10
4.825476,10
4.826476,11
4.827476,11
4.828476,11
4.829476,10
4.830480,10
4.831480,9
4.832480,9
4.833480,9
4.834476,9
4.835476,9
4.836480,9
4.837480,10
4.838476,10
4.839480,11
4.840480,11
4.841480,11
4.842480,10
4.843480,10
4.844480,9
4.845476,9
4.849480,10
4.850480,10
4.851480,11
4.852484,11
4.853480,11
4.854480,10
4.855484,10
4.856480,9
4.857488,9
4.858480,9
4.859480,9
4.860480,9
4.861484,9
4.862484,10
4.863480,10
4.864480,11
4.865484,11
4.866484,11
4.867480,10
4.868484,10
4.869480,9
4.870480,9
4.871484,9
4.872484,9
4.873484,9
4.874484,9
4.875484,10
4.876484,10
4.877484,11
4.878488,11
4.879488,10
4.880484,10
4.881484,9
4.882484,9
4.883484,9
4.884484,9
4.885484,9
4.886488,9
4.887488,10
4.888488,10
4.889484,11
4.893488,10
4.894488,9
4.895484,9
4.896488,9
4.897488,9
4.898488,9
4.899488,9
4.900492,10
4.901488,10
4.902492,11
4.903488,11
4.904484,10
4.905488,10
4.906488,9
4.907492,9
4.908488,9
4.909488,9
4.910488,9
4.911488,9
4.912492,10
4.913488,10
4.914488,10
4.915488,11
4.916492,10
4.917492,10
4.918488,10
4.919492,9
4.920492,9
4.921488,9
4.922488,9
4.923492,9
4.924492,9
4.925488,10
4.926492,10
4.927492,10
4.928492,11
4.929492,10
4.930492,10
4.931492,10
4.932492,9
4.933492,9
4.937492,10
4.938496,10
4.939492,10
4.940496,11
4.941492,10
4.942496,10
4.943500,10
4.944496,1
4.945492,2
4.946492,3
4.947492,6
4.948492,8
4.949496,10
4.950496,12
4.951496,13
4.952496,13
4.953496,12
4.954492,11
4.955492,10
4.956496,8
4.957496,7
4.958496,7
4.959496,8
4.960496,8
4.961496,9
4.962496,11
4.963500,12
4.964496,12
4.965496,12
4.966500,11
4.967496,10
4.968496,9
4.969496,8
4.970496,8
4.971496,8
4.972500,8
4.973500,9
4.974500,10
4.975496,11
4.976500,11
4.980500,10
4.981500,9
4.982500,8
4.983500,8
4.984500,8
4.985508,9
4.986508,9
4.987500,10
4.988500,11
4.989500,11
4.990500,11
4.991500,11
4.992500,10
4.993500,9
4.994500,9
4.995504,8
4.996500,8
4.997500,8
4.998504,9
4.999500,10
5.000500,10
5.001500,11
5.002504,11
5.003500,11
5.004500,11
5.005504,10
5.006504,9
5.007500,9
5.008504,8
5.009500,8
5.010500,9
5.011504,9
5.012504,10
5.013500,11
5.014504,11
5.015504,11
5.016508,11
5.017504,10
5.018504,9
5.019504,9
5.020508,9
5.025504,10
5.026508,11
5.027508,11
5.028512,11
5.029516,10
5.030508,10
5.031504,9
5.032504,9
5.033504,9
5.034504,9
5.035508,9
5.036504,9
5.037508,10
5.038508,10
5.039508,11
5.040508,11
5.041508,11
5.042508,10
5.043508,10
5.044508,9
5.045508,9
5.046508,9
5.047508,9
5.048508,9
5.049508,10
5.050512,10
5.051512,11
5.052512,11
5.053508,11
5.054512,10
5.055508,10
5.056508,9
5.057508,9
5.058512,9
5.059512,9
5.060508,9
5.061512,9
5.062508,10
5.063512,10
5.064512,11
5.065512,11
5.069512,9
5.070512,9
5.071520,9
5.072512,9
5.073512,9
5.074512,9
5.075512,10
5.076516,10
5.077512,11
5.078516,11
5.079512,10
5.080516,10
5.081512,9
5.082516,9
5.083516,9
5.084516,9
5.085516,9
5.086516,9
5.087512,10
5.088512,10
5.089516,11
5.090512,11
5.091516,11
5.092516,10
5.093516,10
5.094516,9
5.095516,9
5.096516,9
5.097516,9
5.098512,9
5.099516,9
5.100520,10
5.101516,10
5.102516,11
5.103516,11
5.104520,10
5.105520,10
5.106516,9
5.107520,9
5.108520,9
5.109520,9
5.113520,10
5.114524,10
5.115520,11
5.116520,10
5.117516,10
5.118520,10
5.119520,9
5.120520,9
5.121520,9
5.122516,9
5.123520,9
5.124520,9
5.125520,10
5.126524,10
5.127520,10
5.128520,11
5.129520,10
5.130520,10
5.131520,10
5.132520,9
5.133520,9
5.134520,9
5.135520,9
5.136524,9
5.137520,10
5.138524,10
5.139524,10
5.140520,11
5.141520,10
5.142524,10
5.143524,10
5.144520,1
5.145524,2
5.146520,3
5.147524,6
5.148524,8
5.149524,10
5.150528,12
5.151524,13
5.152524,13
5.153520,12
5.157528,7
5.158524,7
5.159528,8
5.160524,8
5.161528,9
5.162528,11
5.163524,12
5.164528,12
5.165524,12
5.166524,11
5.167528,10
5.168524,9
5.169528,8
5.170528,8
5.171528,8
5.172528,8
5.173528,9
5.174528,10
5.175528,11
5.176524,11
5.177528,11
5.178524,11
5.179528,11
5.180528,10
5.181528,9
5.182532,8
5.183528,8
5.184528,8
5.185528,9
5.186528,9
5.187532,10
5.188528,11
5.189528,11
5.190528,11
5.191532,11
5.192532,10
5.193532,9
5.194532,9
5.195532,8
5.196532,8
5.197528,8
5.201532,11
5.202532,11
5.203532,11
5.204532,11
5.205528,10
5.206536,9
5.207532,9
5.208532,8
5.209532,8
5.210536,9
5.211532,9
5.212532,10
5.213532,11
5.214536,11
5.215532,11
5.216532,11
5.217536,10
5.218536,9
5.219532,9
5.220536,9
5.221532,8
5.222536,9
5.223532,9
5.224536,10
5.225536,10
5.226536,11
5.227536,11
5.228536,11
5.229536,10
5.230536,10
5.231536,9
5.232532,9
5.233536,9
5.234536,9
5.235536,9
5.236536,9
5.237536,10
5.238540,10
5.239540,11
5.240540,11
5.241536,11
5.245540,9
5.246536,9
5.247540,9
5.248540,9
5.249540,10
5.250536,10
5.251536,11
5.252536,11
5.253536,11
5.254536,10
5.255540,10
5.256540,9
5.257540,9
5.258540,9
5.259540,9
5.260540,9
5.261540,9
5.262540,10
5.263540,10
5.264540,11
5.265540,11
5.266540,11
5.267540,10
5.268540,10
5.269544,9
5.270540,9
5.271540,9
5.272544,9
5.273544,9
5.274544,9
5.275540,10
5.276540,10
5.277544,11
5.278540,11
5.279544,10
5.280544,10
5.281544,9
5.282544,9
5.283544,9
5.284540,9
5.288544,10
5.289544,11
5.290544,11
5.291544,11
5.292548,10
5.293544,10
5.294544,9
5.295544,9
5.296544,9
5.297544,9
5.298548,9
5.299544,9
5.300544,10
5.301548,10
5.302544,11
5.303548,11
5.304544,10
5.305548,10
5.306544,9
5.307548,9
5.308544,9
5.309548,9
5.310548,9
5.311548,9
5.312548,10
5.313548,10
5.314548,10
5.315544,11
5.316544,10
5.317544,10
5.318548,10
5.319552,9
5.320548,9
5.321552,9
5.322548,9
5.323548,9
5.324552,9
5.325548,10
5.326552,10
5.327548,10
5.328552,11
5.332552,9
5.333552,9
5.334548,9
5.335552,9
5.336552,9
5.337552,10
5.338548,10
5.339548,10
5.340548,11
5.341548,10
5.342552,10
5.343552,10
5.344552,1
5.345552,2
5.346552,3
5.347552,6
5.348552,8
5.349552,10
5.350556,12
5.351556,13
5.352552,13
5.353552,12
5.354552,11
5.355552,10
5.356556,8
5.357552,7
5.358556,7
5.359556,8
5.360556,8
5.361556,9
5.362552,11
5.363552,12
5.364556,12
5.365552,12
5.366556,11
5.367556,10
5.368556,9
5.369556,8
5.370556,8
5.371560,8
5.372564,8
5.376556,11
5.377556,11
5.378556,11
5.379556,11
5.380560,10
5.381556,9
5.382556,8
5.383556,8
5.384560,8
5.385556,9
5.386556,9
5.387556,10
5.388556,11
5.389560,11
5.390560,11
5.391560,11
5.392560,10
5.393556,9
5.394560,9
5.395560,8
5.396556,8
5.397556,8
5.398560,9
5.399560,10
5.400560,10
5.401560,11
5.402560,11
5.403560,11
5.404560,11
5.405564,10
5.406564,9
5.407560,9
5.408560,8
5.409560,8
5.410560,9
5.411560,9
5.412564,10
5.413564,11
5.414564,11
5.415572,11
5.416560,11
5.420560,9
5.421564,8
5.422564,9
5.423564,9
5.424564,10
5.425564,10
5.426564,11
5.427564,11
5.428564,11
5.429568,10
5.430564,10
5.431564,9
5.432564,9
5.433564,9
5.434564,9
5.435568,9
5.436564,9
5.437564,10
5.438568,10
5.439564,11
5.440568,11
5.441564,11
5.442568,10
5.443564,10
5.444568,9
5.445568,9
5.446568,9
5.447568,9
5.448568,9
5.449568,10
5.450568,10
5.451568,11
5.452568,11
5.453568,11
5.454568,10
5.455568,10
5.456568,9
5.457568,9
5.458576,9
5.459564,9
5.460568,9
5.464568,11
5.465568,11
5.466572,11
5.467572,10
5.468568,10
5.469568,9
5.470572,9
5.471572,9
5.472568,9
5.473568,9
5.474568,9
5.475572,10
5.476568,10
5.477572,11
5.478572,11
5.479572,10
5.480568,10
5.481576,9
5.482572,9
5.483572,9
5.484576,9
5.485568,9
5.486572,9
5.487572,10
5.488572,10
5.489572,11
5.490572,11
5.491572,11
5.492572,10
5.493576,10
5.494572,9
5.495576,9
5.496572,9
5.497572,9
5.498572,9
5.499576,9
5.500580,10
5.501584,10
5.502572,11
5.503576,11
5.504572,10
5.508572,9
5.509576,9
5.510576,9
5.511576,9
5.512576,10
5.513576,10
5.514576,10
5.515576,11
5.516580,10
5.517576,10
5.518576,10
5.519576,9
5.520576,9
5.521576,9
5.522580,9
5.523576,9
5.524580,9
5.525576,10
5.526580,10
5.527576,10
5.528576,11
5.529580,10
5.530576,10
5.531580,10
5.532580,9
5.533580,9
5.534580,9
5.535580,9
5.536580,9
5.537584,10
5.538584,10
5.539576,10
5.540580,11
5.541580,10
5.542580,10
5.543588,10
5.544588,1
5.545584,2
5.546580,3
5.547580,6
5.548584,8
5.552580,13
5.553584,12
5.554580,11
5.555584,10
5.556584,8
5.557584,7
5.558580,7
5.559580,8
5.560580,8
5.561584,9
5.562580,11
5.563584,12
5.564584,12
5.565584,12
5.566584,11
5.567584,10
5.568580,9
5.569588,8
5.570588,8
5.571588,8
5.572584,8
5.573588,9
5.574584,10
5.575584,11
5.576584,11
5.577588,11
5.578588,11
5.579588,11
5.580588,10
5.581584,9
5.582588,8
5.583584,8
5.584584,8
5.585588,9
5.586592,9
5.587584,10
5.588588,11
5.589588,11
5.590584,11
5.591584,11
5.595588,8
5.596588,8
5.597588,8
5.598588,9
5.599588,10
5.600592,10
5.601592,11
5.602592,11
5.603588,11
5.604592,11
5.605588,10
5.606588,9
5.607588,9
5.608592,8
5.609588,8
5.610592,9
5.611592,9
5.612592,10
5.613592,11
5.614592,11
5.615592,11
5.616592,11
5.617588,10
5.618592,9
5.619592,9
5.620592,9
5.621592,8
5.622592,9
5.623592,9
5.624592,10
5.625592,10
5.626592,11
5.627592,11
5.628592,11
5.629596,10
5.630592,10
5.631596,9
5.632592,9
5.633596,9
5.634596,9
5.635596,9
5.648592,9
5.649596,10
5.650596,10
5.651596,11
5.652596,11
5.653596,11
5.654600,10
5.655600,10
5.656600,9
5.657596,9
5.658600,9
5.659596,9
5.660596,9
5.661596,9
5.662596,10
5.663600,10
5.664600,11
5.665596,11
5.666600,11
5.667596,10
5.668600,10
5.669600,9
5.670600,9
5.671600,9
5.672604,9
5.673600,9
5.674600,9
5.675600,10
5.676600,10
5.677600,11
5.678600,11
5.679604,10
5.680600,10
5.681604,9
5.682600,9
5.683600,9
5.684600,9
5.685604,9
5.686600,9
5.687604,10
5.688604,10
5.692604,10
5.693600,10
5.694600,9
5.695604,9
5.696600,9
5.697604,9
5.698604,9
5.699604,9
5.700604,10
5.701604,10
5.702604,11
5.703604,11
5.704604,10
5.705600,10
5.706604,9
5.707604,9
5.708608,9
5.709604,9
5.710604,9
5.711604,9
5.712604,10
5.713604,10
5.714604,10
5.715608,11
5.716604,10
5.717608,10
5.718604,10
5.719608,9
5.720608,9
5.721608,9
5.722608,9
5.723608,9
5.724604,9
5.725604,10
5.726608,10
5.727604,10
5.728608,11
5.729608,10
5.730608,10
5.731608,10
5.732608,9
5.736608,9
5.737608,10
5.738608,10
5.739608,10
5.740608,11
5.741612,10
5.742612,10
5.743612,10
5.744612,1
5.745612,2
5.746612,3
5.747608,6
5.748608,8
5.749608,10
5.750608,12
5.751612,13
5.752612,13
5.753612,12
5.754612,11
5.755608,10
5.756608,8
5.757608,7
5.758620,7
5.759612,8
5.760612,8
5.761612,9
5.762612,11
5.763612,12
5.764612,12
5.765616,12
5.766616,11
5.767616,10
5.768612,9
5.769616,8
5.770612,8
5.771612,8
5.772612,8
5.773612,9
5.774616,10
5.775616,11
5.776616,11
5.780616,10
5.781616,9
5.782612,8
5.783616,8
5.784616,8
5.785616,9
5.786616,9
5.787616,10
5.788616,11
5.789616,11
5.790620,11
5.791616,11
5.792620,10
5.793616,9
5.794616,9
5.795616,8
5.796616,8
5.797620,8
5.798620,9
5.799620,10
5.800620,10
5.801628,11
5.802616,11
5.803616,11
5.804616,11
5.805620,10
5.806620,9
5.807616,9
5.808620,8
5.809616,8
5.810620,9
5.811620,9
5.812620,10
5.813620,11
5.814620,11
5.815616,11
5.816620,11
5.817620,10
5.818624,9
5.819620,9
5.820624,9
5.824624,10
5.825620,10
5.826620,11
5.827620,11
5.828624,11
5.829620,10
5.830620,10
5.831624,9
5.832624,9
5.833620,9
5.834624,9
5.835624,9
5.836624,9
5.837624,10
5.838624,10
5.839620,11
5.840624,11
5.841624,11
5.842624,10
5.843624,10
5.844632,9
5.845624,9
5.846628,9
5.847624,9
5.848628,9
5.849624,10
5.850624,10
5.851628,11
5.852624,11
5.853628,11
5.854624,10
5.855628,10
5.856628,9
5.857624,9
5.858624,9
5.859624,9
5.860624,9
5.861628,9
5.862628,10
5.863628,10
5.864628,11
5.868628,10
5.869628,9
5.870628,9
5.871624,9
5.872628,9
5.873628,9
5.874632,9
5.875628,10
5.876628,10
5.877628,11
5.878628,11
5.879628,10
5.880628,10
5.881628,9
5.882628,9
5.883628,9
5.884628,9
5.885632,9
5.886632,9
5.887636,10
5.888628,10
5.889628,11
5.890628,11
5.891632,11
5.892628,10
5.893632,10
5.894632,9
5.895632,9
5.896632,9
5.897632,9
5.898632,9
5.899628,9
5.900632,10
5.901636,10
5.902632,11
5.903632,11
5.904632,10
5.905632,10
5.906632,9
5.907636,9
5.911636,9
5.912636,10
5.913632,10
5.914636,10
5.915632,11
5.916636,10
5.917636,10
5.918636,10
5.919636,9
5.920632,9
5.921636,9
5.922636,9
5.923636,9
5.924636,9
5.925636,10
5.926632,10
5.927636,10
5.928636,11
5.929632,10
5.930644,10
5.931636,10
5.932640,9
5.933640,9
5.934640,9
5.935636,9
5.936636,9
5.937636,10
5.938640,10
5.939636,10
5.940640,11
5.941636,10
5.942640,10
5.943636,10
5.944636,1
5.945636,2
5.946636,3
5.947636,6
5.948640,8
5.949640,10
5.950640,12
5.951640,13
5.955640,10
5.956640,8
5.957640,7
5.958640,7
5.959640,8
5.960640,8
5.961640,9
5.962644,11
5.963644,12
5.964644,12
5.965644,12
5.966640,11
5.967640,10
5.968640,9
5.969644,8
5.970640,8
5.971640,8
5.972644,8
5.973648,9
5.974640,10
5.975644,11
5.976640,11
5.977644,11
5.978640,11
5.979644,11
5.980640,10
5.981644,9
5.982644,8
5.983644,8
5.984644,8
5.985648,9
5.986648,9
5.987644,10
5.988644,11
5.989644,11
5.990648,11
5.991644,11
5.992644,10
5.993648,9
5.994644,9
5.995648,8
5.999644,10
6.000644,10
6.001644,11
6.002648,11
6.003648,11
6.004648,11
6.005648,10
6.006648,9
6.007648,9
6.008644,8
6.009644,8
6.010644,9
6.011648,9
6.012648,10
6.013644,11
6.014648,11
6.015652,11
6.016656,11
6.017648,10
6.018648,9
6.019648,9
6.020648,9
6.021648,8
6.022652,9
6.023648,9
6.024648,10
6.025652,10
6.026652,11
6.027652,11
6.028652,11
6.029652,10
6.030652,10
6.031652,9
6.032652,9
6.033652,9
6.034648,9
6.035652,9
6.036652,9
6.037652,10
6.038652,10
6.039652,11
6.043652,10
6.044652,9
6.045652,9
6.046652,9
6.047652,9
6.048656,9
6.049652,10
6.050656,10
6.051652,11
6.052656,11
6.053652,11
6.054652,10
6.055652,10
6.056652,9
6.057656,9
6.058660,9
6.059660,9
6.060656,9
6.061656,9
6.062652,10
6.063652,10
6.064656,11
6.065656,11
6.066656,11
6.067656,10
6.068656,10
6.069656,9
6.070656,9
6.071656,9
6.072660,9
6.073660,9
6.074660,9
6.075656,10
6.076660,10
6.077656,11
6.078656,11
6.079656,10
6.080660,10
6.081660,9
6.082660,9
6.083660,9
6.087656,10
6.088660,10
6.089656,11
6.090660,11
6.091660,11
6.092660,10
6.093660,10
6.094660,9
6.095660,9
6.096664,9
6.097664,9
6.098664,9
6.099660,9
6.100660,10
6.101664,10
6.102668,11
6.103664,11
6.104664,10
6.105664,10
6.106664,9
6.107664,9
6.108660,9
6.109664,9
6.110660,9
6.111664,9
6.112660,10
6.113664,10
6.114664,10
6.115664,11
6.116664,10
6.117660,10
6.118668,10
6.119664,9
6.120664,9
6.121668,9
6.122664,9
6.123664,9
6.124664,9
6.125664,10
6.126664,10
6.127668,10
6.131668,10
6.132668,9
6.133664,9
6.134664,9
6.135668,9
6.136664,9
6.137668,10
6.138668,10
6.139668,10
6.140664,11
6.141664,10
6.142664,10
6.143668,10
6.144676,1
6.145672,2
6.146668,3
6.147668,6
6.148668,8
6.149664,10
6.150672,12
6.151672,13
6.152672,13
6.153668,12
6.154672,11
6.155668,10
6.156668,8
6.157668,7
6.158668,7
6.159672,8
6.160672,8
6.161672,9
6.162672,11
6.163672,12
6.164668,12
6.165668,12
6.166672,11
6.167668,10
6.168672,9
6.169668,8
6.170672,8
6.174672,10
6.175672,11
6.176672,11
6.177672,11
6.178672,11
6.179672,11
6.180672,10
6.181672,9
6.182672,8
6.183672,8
6.184676,8
6.185676,9
6.186672,9
6.187680,10
6.188680,11
6.189676,11
6.190672,11
6.191676,11
6.192676,10
6.193676,9
6.194676,9
6.195672,8
6.196676,8
6.197676,8
6.198676,9
6.199676,10
6.200672,10
6.201676,11
6.202676,11
6.203676,11
6.204676,11
6.205676,10
6.206680,9
6.207676,9
6.208676,8
6.209676,8
6.210676,9
6.211676,9
6.212676,10
6.213676,11
6.214680,11
6.218680,9
6.219680,9
6.220680,9
6.221676,8
6.222676,9
6.223680,9
6.224680,10
6.225680,10
6.226680,11
6.227680,11
6.228680,11
6.229676,10
6.230684,10
6.231680,9
6.232680,9
6.233680,9
6.234680,9
6.235680,9
6.236680,9
6.237684,10
6.238684,10
6.239684,11
6.240684,11
6.241680,11
6.242680,10
6.243680,10
6.244680,9
6.245684,9
6.246680,9
6.247684,9
6.248684,9
6.249684,10
6.250680,10
6.251680,11
6.252684,11
6.253684,11
6.254684,10
6.255684,10
6.256684,9
6.257684,9
6.258684,9
6.262684,10
6.263684,10
6.264688,11
6.265684,11
6.266684,11
6.267684,10
6.268688,10
6.269684,9
6.270688,9
6.271688,9
6.272688,9
6.273692,9
6.274688,9
6.275688,10
6.276688,10
6.277684,11
6.278688,11
6.279688,10
6.280688,10
6.281688,9
6.282688,9
6.283688,9
6.284688,9
6.285688,9
6.286688,9
6.287688,10
6.288684,10
6.289688,11
6.290688,11
6.291692,11
6.292688,10
6.293688,10
6.294692,9
6.295692,9
6.296692,9
6.297688,9
6.298688,9
6.299688,9
6.300688,10
6.301692,10
6.302692,11
6.306692,9
6.307688,9
6.308692,9
6.309692,9
6.310692,9
6.311692,9
6.312692,10
6.313692,10
6.314696,10
6.315692,11
6.316696,10
6.317692,10
6.318696,10
6.319692,9
6.320696,9
6.321692,9
6.322692,9
6.323696,9
6.324692,9
6.325696,10
6.326696,10
6.327692,10
6.328696,11
6.329692,10
6.330692,10
6.331696,10
6.332692,9
6.333696,9
6.334692,9
6.335696,9
6.336696,9
6.337696,10
6.338696,10
6.339696,10
6.340696,11
6.341700,10
6.342696,10
6.343696,10
6.344696,1
6.345696,2
6.346696,3
6.350696,12
6.351696,13
6.352696,13
6.353696,12
6.354696,11
6.355700,10
6.356700,8
6.357700,7
6.358700,7
6.359708,8
6.360696,8
6.361700,9
6.362696,11
6.363700,12
6.364700,12
6.365700,12
6.366700,11
6.367700,10
6.368700,9
6.369696,8
6.370700,8
6.371700,8
6.372700,8
6.373704,9
6.374700,10
6.375700,11
6.376700,11
6.377704,11
6.378700,11
6.379700,11
6.380700,10
6.381700,9
6.382704,8
6.383704,8
6.384700,8
6.385700,9
6.386704,9
6.387700,10
6.388704,11
6.389704,11
6.390704,11
6.394704,9
6.395700,8
6.396704,8
6.397704,8
6.398700,9
6.399704,10
6.400708,10
6.401704,11
6.402712,11
6.403704,11
6.404708,11
6.405704,10
6.406704,9
6.407708,9
6.408704,8
6.409704,8
6.410708,9
6.411704,9
6.412708,10
6.413708,11
6.414708,11
6.415704,11
6.416704,11
6.417704,10
6.418708,9
6.419704,9
6.420708,9
6.421704,8
6.422708,9
6.423708,9
6.424712,10
6.425708,10
6.426708,11
6.427712,11
6.428708,11
6.429712,10
6.430708,10
6.431708,9
6.432708,9
6.433708,9
6.434712,9
6.439712,11
6.440708,11
6.441712,11
6.442708,10
6.443712,10
6.444712,9
6.445716,9
6.446712,9
6.447708,9
6.448712,9
6.449712,10
6.450712,10
6.451712,11
6.452712,11
6.453712,11
6.454712,10
6.455712,10
6.456708,9
6.457716,9
6.458716,9
6.459716,9
6.460716,9
6.461716,9
6.462712,10
6.463712,10
6.464712,11
6.465716,11
6.466716,11
6.467712,10
6.468712,10
6.469716,9
6.470716,9
6.471712,9
6.472712,9
6.473716,9
6.474716,9
6.475716,10
6.476716,10
6.477716,11
6.478716,11
6.482720,9
6.483716,9
6.484720,9
6.485716,9
6.486716,9
6.487716,10
6.488724,10
6.489716,11
6.490716,11
6.491720,11
6.492720,10
6.493716,10
6.494720,9
6.495720,9
6.496716,9
6.497716,9
6.498720,9
6.499716,9
6.500720,10
6.501716,10
6.502720,11
6.503720,11
6.504716,10
6.505716,10
6.506720,9
6.507720,9
6.508720,9
6.509720,9
6.510720,9
6.511724,9
6.512720,10
6.513720,10
6.514724,10
6.515720,11
6.516720,10
6.517720,10
6.518720,10
6.519720,9
6.520724,9
6.521720,9
6.522724,9
6.526720,10
6.527724,10
6.528720,11
6.529724,10
6.530720,10
6.531732,10
6.532724,9
6.533724,9
6.534728,9
6.535724,9
6.536720,9
6.537724,10
6.538728,10
6.539724,10
6.540724,11
6.541724,10
6.542724,10
6.543724,10
6.544728,1
6.545728,2
6.546728,3
6.547728,6
6.548728,8
6.549724,10
6.550724,12
6.551724,13
6.552728,13
6.553728,12
6.554728,11
6.555728,10
6.556728,8
6.557728,7
6.558728,7
6.559728,8
6.560728,8
6.561728,9
6.562724,11
6.563728,12
6.564728,12
6.565728,12
6.566732,11
6.570728,8
6.571728,8
6.572732,8
6.573728,9
6.574736,10
6.575728,11
6.576732,11
6.577732,11
6.578732,11
6.579732,11
6.580728,10
6.581732,9
6.582728,8
6.583732,8
6.584732,8
6.585732,9
6.586732,9
6.587732,10
6.588732,11
6.589732,11
6.590732,11
6.591732,11
6.592732,10
6.593736,9
6.594732,9
6.595736,8
6.596732,8
6.597732,8
6.598732,9
6.599736,10
6.600736,10
6.601736,11
6.602736,11
6.603732,11
6.604732,11
6.605732,10
6.606732,9
6.607736,9
6.608732,8
6.609736,8
6.610736,9
6.614736,11
6.615736,11
6.616740,11
6.617740,10
6.618736,9
6.619736,9
6.620736,9
6.621740,8
6.622736,9
6.623736,9
6.624736,10
6.625736,10
6.626736,11
6.627736,11
6.628736,11
6.629736,10
6.630736,10
6.631740,9
6.632740,9
6.633740,9
6.634740,9
6.635736,9
6.636736,9
6.637736,10
6.638736,10
6.639740,11
6.640740,11
6.641740,11
6.642740,10
6.643740,10
6.644740,9
6.645740,9
6.646740,9
6.647740,9
6.648740,9
6.649740,10
6.650744,10
6.651740,11
6.652740,11
6.653744,11
6.654740,10
6.658740,9
6.659744,9
6.660748,9
6.661740,9
6.662740,10
6.663744,10
6.664744,11
6.665744,11
6.666740,11
6.667744,10
6.668740,10
6.669744,9
6.670744,9
6.671744,9
6.672744,9
6.673740,9
6.674744,9
6.675744,10
6.676748,10
6.677744,11
6.678744,11
6.679748,10
6.680748,10
6.681744,9
6.682748,9
6.683744,9
6.684744,9
6.685744,9
6.686748,9
6.687748,10
6.688748,10
6.689748,11
6.690748,11
6.691744,11
6.692744,10
6.693748,10
6.694744,9
6.695748,9
6.696744,9
6.697748,9
6.698748,9
6.702756,11
6.703756,11
6.704748,10
6.705748,10
6.706748,9
6.707748,9
6.708748,9
6.709748,9
6.710752,9
6.711752,9
6.712752,10
6.713748,10
6.714748,10
6.715748,11
6.716748,10
6.717752,10
6.718748,10
6.719752,9
6.720752,9
6.721752,9
6.722748,9
6.723752,9
6.724752,9
6.725752,10
6.726752,10
6.727752,10
6.728752,11
6.729752,10
6.730752,10
6.731752,10
6.732752,9
6.733752,9
6.734752,9
6.735752,9
6.736752,9
6.737752,10
6.738752,10
6.739752,10
6.740756,11
6.741752,10
6.745760,2
6.746760,3
6.747756,6
6.748756,8
6.749756,10
6.750756,12
6.751752,13
6.752756,13
6.753756,12
6.754752,11
6.755752,10
6.756752,8
6.757756,7
6.758756,7
6.759756,8
6.760756,8
6.761756,9
6.762756,11
6.763756,12
6.764760,12
6.765760,12
6.766760,11
6.767756,10
6.768760,9
6.769756,8
6.770756,8
6.771756,8
6.772756,8
6.773760,9
6.774760,10
6.775760,11
6.776760,11
6.777760,11
6.778756,11
6.779756,11
6.780760,10
6.781756,9
6.782760,8
6.783760,8
6.784760,8
6.785760,9
6.789760,11
6.790760,11
6.791760,11
6.792760,10
6.793760,9
6.794760,9
6.795764,8
6.796760,8
6.797764,8
6.798764,9
6.799764,10
6.800764,10
6.801760,11
6.802760,11
6.803760,11
6.804764,11
6.805764,10
6.806764,9
6.807764,9
6.808764,8
6.809764,8
6.810764,9
6.811760,9
6.812764,10
6.813760,11
6.814764,11
6.815764,11
6.816764,11
6.817764,10
6.818768,9
6.819764,9
6.820768,9
6.821768,8
6.822768,9
6.823764,9
6.824768,10
6.825764,10
6.826764,11
6.827768,11
6.828764,11
6.829768,10
6.833764,9
6.834764,9
6.835764,9
6.836768,9
6.837764,10
6.838768,10
6.839768,11
6.840768,11
6.841768,11
6.842768,10
6.843768,10
6.844768,9
6.845768,9
6.846768,9
6.847768,9
6.848768,9
6.849768,10
6.850768,10
6.851772,11
6.852772,11
6.853772,11
6.854772,10
6.855768,10
6.856772,9
6.857768,9
6.858768,9
6.859772,9
6.860768,9
6.861772,9
6.862772,10
6.863772,10
6.864772,11
6.865772,11
6.866772,11
6.867772,10
6.868772,10
6.869772,9
6.870772,9
6.871772,9
6.872772,9
6.873772,9
6.877776,11
6.878776,11
6.879772,10
6.880772,10
6.881772,9
6.882772,9
6.883776,9
6.884772,9
6.885776,9
6.886776,9
6.887772,10
6.888776,10
6.889776,11
6.890776,11
6.891776,11
6.892776,10
6.893772,10
6.894776,9
6.895776,9
6.896776,9
6.897772,9
6.898780,9
6.899780,9
6.900776,10
6.901780,10
6.902776,11
6.903776,11
6.904776,10
6.905780,10
6.906776,9
6.907780,9
6.908780,9
6.909780,9
6.910776,9
6.911780,9
6.912776,10
6.913780,10
6.914776,10
6.915780,11
6.916780,10
6.917784,10
6.921776,9
6.922776,9
6.923780,9
6.924776,9
6.925780,10
6.926780,10
6.927784,10
6.928780,11
6.929784,10
6.930780,10
6.931780,10
6.932780,9
6.933780,9
6.934784,9
6.935780,9
6.936780,9
6.937784,10
6.938780,10
6.939784,10
6.940784,11
6.941784,10
6.942780,10
6.943780,10
6.944780,1
6.945784,2
6.946780,3
6.947784,6
6.948780,8
6.949784,10
6.950784,12
6.951784,13
6.952784,13
6.953784,12
6.954784,11
6.955788,10
6.956784,8
6.957788,7
6.958784,7
6.959784,8
6.960792,8
6.961784,9
6.965784,12
6.966788,11
6.967784,10
6.968788,9
6.969784,8
6.970784,8
6.971788,8
6.972788,8
6.973788,9
6.974788,10
6.975788,11
6.976788,11
6.977788,11
6.978788,11
6.979788,11
6.980788,10
6.981788,9
6.982788,8
6.983788,8
6.984788,8
6.985792,9
6.986788,9
6.987788,10
6.988792,11
6.989788,11
6.990788,11
6.991788,11
6.992792,10
6.993788,9
6.994792,9
6.995792,8
6.996792,8
6.997792,8
6.998788,9
6.999792,10
7.000792,10
7.001788,11
7.002792,11
7.003796,11
7.004792,11
7.008796,8
7.009792,8
7.010792,9
7.011792,9
7.012792,10
7.013792,11
7.014792,11
7.015792,11
7.016796,11
7.017796,10
7.018796,9
7.019796,9
7.020792,9
7.021796,8
7.022792,9
7.023792,9
7.024796,10
7.025796,10
7.026792,11
7.027796,11
7.028792,11
7.029796,10
7.030792,10
7.031796,9
7.032796,9
7.033796,9
7.034792,9
7.035796,9
7.036796,9
7.037796,10
7.038796,10
7.039796,11
7.040796,11
7.041796,11
7.042800,10
7.043796,10
7.044796,9
7.045796,9
7.046804,9
7.047796,9
7.048800,9
7.052796,11
7.053796,11
7.054796,10
7.055796,10
7.056800,9
7.057800,9
7.058800,9
7.059800,9
7.060800,9
7.061800,9
7.062796,10
7.063800,10
7.064804,11
7.065800,11
7.066804,11
7.067800,10
7.068800,10
7.069804,9
7.070800,9
7.071804,9
7.072804,9
7.073804,9
7.074804,9
7.075800,10
7.076800,10
7.077804,11
7.078800,11
7.079800,10
7.080804,10
7.081804,9
7.082804,9
7.083804,9
7.084804,9
7.085800,9
7.086800,9
7.087804,10
7.088808,10
7.089808,11
7.090804,11
7.091804,11
7.092804,10
7.096804,9
7.097804,9
7.098808,9
7.099804,9
7.100804,10
7.101804,10
7.102808,11
7.103808,11
7.104808,10
7.105808,10
7.106808,9
7.107808,9
7.108804,9
7.109804,9
7.110804,9
7.111808,9
7.112808,10
7.113808,10
7.114808,10
7.115808,11
7.116808,10
7.117804,10
7.118808,10
7.119808,9
7.120808,9
7.121808,9
7.122812,9
7.123808,9
7.124808,9
7.125812,10
7.126808,10
7.127812,10
7.128808,11
7.129812,10
7.130808,10
7.131808,10
7.132820,9
7.133808,9
7.134812,9
7.135808,9
7.136812,9
7.140812,11
7.141812,10
7.142812,10
7.143812,10
7.144812,1
7.145808,2
7.146812,3
7.147812,6
7.148816,8
7.149812,10
7.150812,12
7.151812,13
7.152812,13
7.153812,12
7.154812,11
7.155812,10
7.156812,8
7.157816,7
7.158812,7
7.159816,8
7.160816,8
7.161816,9
7.162816,11
7.163812,12
7.164812,12
7.165816,12
7.166812,11
7.167816,10
7.168816,9
7.169816,8
7.170816,8
7.171816,8
7.172820,8
7.173816,9
7.174816,10
7.175824,11
7.176816,11
7.177816,11
7.178816,11
7.179816,11
7.180820,10
7.184820,8
7.185820,9
7.186816,9
7.187816,10
7.188816,11
7.189820,11
7.190816,11
7.191820,11
7.192820,10
7.193816,9
7.194820,9
7.195816,8
7.196816,8
7.197816,8
7.198820,9
7.199816,10
7.200820,10
7.201820,11
7.202816,11
7.203824,11
7.204820,11
7.205820,10
7.206824,9
7.207824,9
7.208820,8
7.209820,8
7.210820,9
7.211820,9
7.212820,10
7.213824,11
7.214824,11
7.215824,11
7.216820,11
7.217824,10
7.218828,9
7.219820,9
7.220820,9
7.221824,8
7.222824,9
7.223820,9
7.224824,10
7.228824,11
7.229820,10
7.230824,10
7.231824,9
7.232824,9
7.233824,9
7.234824,9
7.235824,9
7.236828,9
7.237824,10
7.238824,10
7.239828,11
7.240824,11
7.241824,11
7.242824,10
7.243824,10
7.244828,9
7.245824,9
7.246828,9
7.247828,9
7.248828,9
7.249828,10
7.250824,10
7.251824,11
7.252828,11
7.253824,11
7.254828,10
7.255828,10
7.256828,9
7.257828,9
7.258828,9
7.259832,9
7.260836,9
7.261828,9
7.262832,10
7.263828,10
7.264832,11
7.265828,11
7.266828,11
7.267832,10
7.268832,10
7.272828,9
7.273828,9
7.274828,9
7.275828,10
7.276832,10
7.277828,11
7.278832,11
7.279832,10
7.280832,10
7.281828,9
7.282836,9
7.283832,9
7.284832,9
7.285836,9
7.286828,9
7.287832,10
7.288832,10
7.289832,11
7.290836,11
7.291832,11
7.292832,10
7.293836,10
7.294836,9
7.295836,9
7.296832,9
7.297832,9
7.298832,9
7.299832,9
7.300836,10
7.301836,10
7.302836,11
7.303840,11
7.304836,10
7.305836,10
7.306836,9
7.307836,9
7.308836,9
7.309836,9
7.310832,9
7.311836,9
7.312836,10
7.316836,10
7.317836,10
7.318836,10
7.319836,9
7.320836,9
7.321836,9
7.322836,9
7.323840,9
7.324840,9
7.325836,10
7.326836,10
7.327840,10
7.328840,11
7.329836,10
7.330836,10
7.331840,10
7.332840,9
7.333840,9
7.334840,9
7.335840,9
7.336840,9
7.337840,10
7.338840,10
7.339840,10
7.340836,11
7.341840,10
7.342840,10
7.343840,10
7.344844,1
7.345840,2
7.346848,3
7.347848,6
7.348840,8
7.349844,10
7.350840,12
7.351840,13
7.352840,13
7.353844,12
7.354840,11
7.355844,10
7.359844,8
7.360840,8
7.361840,9
7.362844,11
7.363844,12
7.364840,12
7.365844,12
7.366844,11
7.367844,10
7.368848,9
7.369844,8
7.370848,8
7.371848,8
7.372848,8
7.373844,9
7.374848,10
7.375844,11
7.376844,11
7.377848,11
7.378844,11
7.379848,11
7.380848,10
7.381844,9
7.382848,8
7.383844,8
7.384848,8
7.385848,9
7.386844,9
7.387844,10
7.388848,11
7.389852,11
7.390844,11
7.391848,11
7.392848,10
7.393848,9
7.394848,9
7.395848,8
7.396848,8
7.397848,8
7.398848,9
7.399848,10
7.403852,11
7.404852,11
7.405848,10
7.406848,9
7.407848,9
7.408848,8
7.409848,8
7.410852,9
7.411848,9
7.412852,10
7.413848,11
7.414852,11
7.415848,11
7.416852,11
7.417852,10
7.418852,9
7.419852,9
7.420852,9
7.421852,8
7.422852,9
7.423852,9
7.424852,10
7.425852,10
7.426856,11
7.427856,11
7.428852,11
7.429852,10
7.430852,10
7.431852,9
7.432860,9
7.433856,9
7.434852,9
7.435852,9
7.436856,9
7.437856,10
7.438852,10
7.439852,11
7.440852,11
7.441856,11
7.442856,10
7.443852,10
7.447856,9
7.448856,9
7.449856,10
7.450856,10
7.451856,11
7.452856,11
7.453856,11
7.454860,10
7.455856,10
7.456860,9
7.457856,9
7.458856,9
7.459860,9
7.460860,9
7.461856,9
7.462856,10
7.463856,10
7.464860,11
7.465860,11
7.466860,11
7.467860,10
7.468856,10
7.469860,9
7.470856,9
7.471856,9
7.472856,9
7.473856,9
7.474860,9
7.475864,10
7.476860,10
7.477860,11
7.478856,11
7.479864,10
7.480860,10
7.481860,9
7.482860,9
7.483864,9
7.484860,9
7.485860,9
7.486860,9
7.487860,10
7.491860,11
7.492860,10
7.493860,10
7.494860,9
7.495860,9
7.496864,9
7.497860,9
7.498864,9
7.499864,9
7.500864,10
7.501864,10
7.502860,11
7.503864,11
7.504864,10
7.505864,10
7.506864,9
7.507864,9
7.508864,9
7.509864,9
7.510864,9
7.511864,9
7.512864,10
7.513868,10
7.514868,10
7.515864,11
7.516864,10
7.517864,10
7.518868,10
7.519868,9
7.520864,9
7.521868,9
7.522868,9
7.523868,9
7.524868,9
7.525864,10
7.526864,10
7.527868,10
7.528868,11
7.529868,10
7.530868,10
7.531868,10
7.535864,9
7.536868,9
7.537868,10
7.538868,10
7.539868,10
7.540868,11
7.541868,10
7.542872,10
7.543868,10
7.544872,1
7.545872,2
7.546872,3
7.547868,6
7.548872,8
7.549868,10
7.550868,12
7.551872,13
7.552872,13
7.553868,12
7.554872,11
7.555868,10
7.556872,8
7.557868,7
7.558876,7
7.559872,8
7.560872,8
7.561880,9
7.562872,11
7.563872,12
7.564876,12
7.565872,12
7.566876,11
7.567876,10
7.568876,9
7.569876,8
7.570876,8
7.571872,8
7.572872,8
7.573872,9
7.574872,10
7.575876,11
7.579876,11
7.580872,10
7.581872,9
7.582872,8
7.583876,8
7.584872,8
7.585876,9
7.586876,9
7.587876,10
7.588876,11
7.589880,11
7.590872,11
7.591876,11
7.592880,10
7.593876,9
7.594876,9
7.595880,8
7.596876,8
7.597876,8
7.598880,9
7.599880,10
7.600880,10
7.601880,11
7.602876,11
7.603880,11
7.604884,11
7.605876,10
7.606880,9
7.607876,9
7.608880,8
7.609880,8
7.610880,9
7.611876,9
7.612880,10
7.613880,11
7.614876,11
7.615880,11
7.616880,11
7.617880,10
7.618880,9
7.622880,9
7.623880,9
7.624884,10
7.625880,10
7.626880,11
7.627880,11
7.628880,11
7.629880,10
7.630884,10
7.631884,9
7.632884,9
7.633884,9
7.634884,9
7.635880,9
7.636880,9
7.637884,10
7.638880,10
7.639884,11
7.640884,11
7.641884,11
7.642884,10
7.643880,10
7.644880,9
7.645884,9
7.646884,9
7.647892,9
7.648884,9
7.649884,10
7.650884,10
7.651884,11
7.652888,11
7.653884,11
7.654884,10
7.655888,10
7.656888,9
7.657888,9
7.658884,9
7.659888,9
7.660884,9
7.661888,9
7.662884,10
7.666884,11
7.667884,10
7.668884,10
7.669884,9
7.670888,9
7.671892,9
7.672888,9
7.673888,9
7.674888,9
7.675888,10
7.676888,10
7.677892,11
7.678892,11
7.679888,10
7.680892,10
7.681888,9
7.682888,9
7.683888,9
7.684888,9
7.685892,9
7.686888,9
7.687892,10
7.688892,10
7.689888,11
7.690896,11
7.691892,11
7.692888,10
7.693892,10
7.694888,9
7.695892,9
7.696892,9
7.697892,9
7.698892,9
7.699892,9
7.700896,10
7.701888,10
7.702892,11
7.703892,11
7.704896,10
7.705892,10
7.706892,9
7.710896,9
7.711896,9
7.712896,10
7.713892,10
7.714892,10
7.715896,11
7.716892,10
7.717896,10
7.718896,10
7.719896,9
7.720896,9
7.721896,9
7.722896,9
7.723896,9
7.724896,9
7.725896,10
7.726896,10
7.727896,10
7.728896,11
7.729896,10
7.730896,10
7.731900,10
7.732896,9
7.733900,9
7.734896,9
7.735900,9
7.736896,9
7.737896,10
7.738896,10
7.739896,10
7.740900,11
7.741900,10
7.742896,10
7.743900,10
7.744896,1
7.745896,2
7.746900,3
7.747900,6
7.748896,8
7.749896,10
7.750900,12
7.754900,11
7.755904,10
7.756904,8
7.757904,7
7.758900,7
7.759904,8
7.760900,8
7.761900,9
7.762904,11
7.763900,12
7.764900,12
7.765904,12
7.766900,11
7.767904,10
7.768900,9
7.769900,8
7.770904,8
7.771900,8
7.772904,8
7.773900,9
7.774904,10
7.775904,11
7.776912,11
7.777900,11
7.778904,11
7.779904,11
7.780904,10
7.781904,9
7.782900,8
7.783904,8
7.784908,8
7.785904,9
7.786904,9
7.787904,10
7.788904,11
7.789904,11
7.790908,11
7.791904,11
7.792904,10
7.793904,9
7.794904,9
7.798908,9
7.799908,10
7.800904,10
7.801904,11
7.802908,11
7.803904,11
7.804908,11
7.805908,10
7.806908,9
7.807908,9
7.808908,8
7.809908,8
7.810904,9
7.811908,9
7.812908,10
7.813908,11
7.814908,11
7.815908,11
7.816908,11
7.817912,10
7.818916,9
7.819916,9
7.820912,9
7.821908,8
7.822912,9
7.823908,9
7.824908,10
7.825908,10
7.826908,11
7.827912,11
7.828912,11
7.829912,10
7.830912,10
7.831912,9
7.832908,9
7.833908,9
7.834908,9
7.835908,9
7.836912,9
7.837912,10
7.838912,10
7.842912,10
7.843916,10
7.844916,9
7.845912,9
7.846916,9
7.847912,9
7.848912,9
7.849912,10
7.850916,10
7.851916,11
7.852916,11
7.853916,11
7.854916,10
7.855912,10
7.856912,9
7.857912,9
7.858916,9
7.859912,9
7.860916,9
7.861920,9
7.862924,10
7.863916,10
7.864916,11
7.865916,11
7.866916,11
7.867916,10
7.868916,10
7.869916,9
7.870916,9
7.871916,9
7.872916,9
7.873920,9
7.874916,9
7.875916,10
7.876920,10
7.877920,11
7.878916,11
7.879916,10
7.880916,10
7.881920,9
7.885920,9
7.886920,9
7.887916,10
7.888916,10
7.889916,11
7.890920,11
7.891916,11
7.892920,10
7.893920,10
7.894920,9
7.895924,9
7.896920,9
7.897924,9
7.898924,9
